-5503
-7800
-525
-9161
22044
2548
-6160
4353
-30085
-30119
-1374
-29426
-7835
-3149
-27108
17320
30258
-7253
16114
25948
28032
-25303
733
26244
-14756
-1168
14448
-4150
934
14065
32522
5585
-4915
32714
-26085
3230
-6651
4955
-20309
20382
7314
9086
7991
9756
6317
-13664
18947
12495
3291
-24420
27959
21553
19361
-28505
-29895
-32010
-7010
-2423
-7497
27088
8539
-8620
-14388
-2782
12305
15611
-24653
20148
7539
223
-26799
-26202
12469
28215
31661
11501
26629
31809
-28345
-19869
-10498
22347
10376
-4111
-20759
-23789
-10071
10281
24450
1729
13362
29920
27512
17674
31420
6712
-20995
-12307
21471
19456
-21312
18393
23998
18797
13955
-10230
-21060
-6160
-27284
-22799
-8164
12005
15558
26712
-23270
-13505
9051
4339
14157
15237
25445
-23328
23832
-29291
31536
3354
-25462
28633
11837
21949
-22146
26522
31839
16881
25308
244
4769
1017
-22850
31373
21551
-20875
-16296
26799
-15508
16481
11828
-27253
14279
4722
-1197
6946
27194
-4582
-21235
-4325
2182
-9167
-17637
-6200
-2736
4912
-23162
19727
-20050
9508
16950
15879
-6928
24680
5765
29189
5347
-8071
-28336
2774
27117
18276
-19299
28644
-28862
-32123
-15709
-24244
28906
4164
2748
18877
9622
23517
14682
15413
-25605
10590
26265
-9276
-9535
-15670
-1866
-9878
3138
-9979
-32028
31826
24588
-25613
-19484
1737
21113
-163
-7055
4123
24853
11284
-15333
-1335
-27791
28425
-28094
22335
-24693
-2378
-18398
19391
6752
26052
-21998
-28747
20740
-15744
7632
16678
-19082
14345
31883
-20695
-9729
31369
9996
21079
-32401
29998
13552
-19865
16163
-29980
24342
-32097
-28981
-7107
15080
22799
5819
17108
9723
1796
24464
-17696
-7097
-6992
24281
-21923
4423
29033
-19400
-31526
9632
-10266
13964
2808
-32486
-20613
21634
-19665
-5134
21700
11759
10182
22975
22915
-17352
-29801
-4494
-10342
866
10616
3884
2589
24771
-24250
3755
-15074
8102
9595
12962
-22716
-14871
21320
-22962
28832
6247
8566
-7527
-20950
26534
-27541
20009
-12253
-18449
14122
29797
-27077
14088
-17530
17685
-19768
5565
-15186
-18142
4428
-6439
-3057
27407
-19075
-23691
12258
32001
5582
31717
-31932
16581
13092
15979
31812
-10943
-4417
30806
-15755
-15441
28122
-11772
18598
2641
-17808
-397
-32161
2164
-5729
-14414
-22957
-19057
-949
10318
-12229
-26670
1553
26910
-32703
-25259
-10363
158
-9518
-17041
-21500
-32246
-651
23303
23227
-14170
-9353
27951
-8762
31242
14497
2686
-3752
10782
23555
-11910
-10299
-16844
-31575
25919
-19326
-17471
-13735
18068
-31077
23461
-27599
16991
8194
-26062
11059
-3635
19629
-12649
980
5156
25060
-14115
-10091
-5561
-3704
9338
8609
-21232
-20634
-25961
22307
-3080
-2375
-20065
-17155
-7582
27167
-10284
32630
30309
20947
16080
-11211
31115
-24547
15326
-26053
-7874
-2337
19384
11062
-25486
6832
7987
-12017
2446
-23809
3554
-10559
-25411
31050
25052
13439
-13819
28530
14996
20813
-23841
-13971
3124
3489
17056
16714
9797
-2006
14775
32682
25703
30812
-12327
-10043
-27560
22021
-28540
29278
9492
21437
6466
-30679
-9638
11603
12461
-6752
1238
-18483
-27004
-21540
10430
-17901
-26387
29721
-6703
14212
666
10861
-28537
-1034
18953
-153
14153
788
-10850
-28381
5282
27565
-15829
-928
-975
12899
-231
-22834
9964
2619
19317
-28483
19915
-12800
11119
-170
-9233
-27171
26479
-18365
3457
-30293
-28663
-3356
28104
8613
15346
-5893
15871
-4029
-9685
-20027
-13970
-9329
21342
27323
-11650
10206
-24367
15608
-23483
23294
8752
-12978
-26717
-3053
-12945
-14113
-12423
24467
8247
-19178
-5138
4708
1733
-30000
-9236
-4386
29961
-1934
-29188
-13562
28101
-1125
17753
11965
10343
4774
9141
-28723
7037
-3214
-11754
-19716
4350
11674
-16728
18615
-31119
-2622
-29608
30712
30437
-13552
23269
-14974
8611
-4746
-13719
7435
-32570
-6769
6583
-25256
3287
-17438
21147
8019
-24771
-7109
25551
16160
-28295
12412
16904
12482
-249
-29392
1231
-23590
32313
10931
7698
20744
20979
-22545
-29644
-25221
26965
13470
17641
-27279
-8282
4522
12065
-2513
5724
2569
-17342
-16905
-17435
26583
24476
-13013
3262
-8431
-20412
-18747
-107
9849
-3900
897
20004
14850
-5687
32355
23213
4420
29779
31489
7018
20184
-6270
15671
11038
10229
-24020
21319
-27062
-32016
29407
20906
24635
22100
10885
-29449
1596
8721
20445
-25220
10572
-2796
8731
-22904
-11038
18333
32332
-29467
32269
32090
19146
-20585
2666
-4897
-26701
4084
2907
-12503
-24902
-11502
3197
15017
17514
-6613
-12059
9670
2272
21775
12403
-21397
-4534
-13780
3329
7012
-25785
-27845
-16653
26401
18573
-4832
10659
454
-17259
-9228
-2842
-26024
-13844
24143
1068
-1636
32280
-32369
-5863
-32557
-29589
-17799
30379
3277
-9691
7038
-17578
-15020
30214
15858
13422
-24983
-25538
21459
-27070
-27235
-156
-25200
-2596
11549
-10293
7981
2920
10391
-20105
-7950
25653
-11636
18921
6123
29709
1853
7037
-11177
16699
-10053
32516
366
562
29423
-954
-23290
-9612
332
28874
-17436
9632
-19199
-17456
-14889
13427
13927
-2420
25098
2565
-21166
12365
27459
5029
-26439
-2255
-18043
-16691
-5670
-27617
14941
-11469
22589
29860
11669
-27742
-5705
-12806
27161
-20995
-641
12896
9075
24922
24600
7305
-29781
10215
20733
21941
-27168
5825
-14637
5606
-11347
17917
-13991
-12013
20248
-24935
23850
-14251
-16570
20868
26322
11531
23717
26517
9834
-9329
2912
-9014
21643
8188
3050
6204
-10066
-5983
18258
-18370
1794
31009
-21327
-25953
-20635
12075
24095
18380
15345
12680
-9689
8266
-13147
-8692
-19155
-8820
6952
1460
-18209
-28890
30594
26693
-22319
-1225
19527
11176
-12373
30962
26346
3597
27423
12206
-28261
-20178
-10652
-27503
14032
5597
22105
-30624
22550
3776
-28453
31074
16834
-5728
-1694
5730
-9489
9120
18718
-14556
-25880
-191
28071
29328
6698
2027
-9707
-14436
-18457
2874
11194
30943
-3457
-6710
-15158
-16845
27059
27212
14659
-9409
-7517
-17967
31788
-21651
-26081
12780
20159
25046
10285
-26459
-18806
13165
19200
14636
-10720
-9096
-2306
-31336
24624
-24274
-3438
23827
-25426
-11393
-11486
21928
17648
-16900
15882
-16331
17719
-1607
18519
3799
9286
-9439
1285
22016
-16922
29586
8547
-26859
29631
-21614
-8965
-2831
14543
30579
-10914
-29189
12395
15391
31680
-26032
-6963
-3324
679
-28022
15402
-28132
1548
17437
-14259
-10138
16454
-29748
8669
-26101
21659
-11654
11719
15353
-29758
-1650
-23816
354
16221
-8050
-8039
1612
-26886
-19218
23403
-20791
18093
3420
15058
-9988
15992
-30819
706
2970
30946
-15463
-25718
20420
17752
-1535
-27676
-20274
-30478
30495
-30537
16331
-29985
-23858
9591
-14897
20931
-22843
-10056
29951
28149
17951
29970
-13934
30807
-25786
-22528
-19322
-2763
15276
-19081
14053
23506
-21805
-27630
4301
7450
-17323
2270
-7522
-15772
12628
-17111
16486
-9004
19456
-15169
29338
14517
19534
-14000
-21587
419
10815
5829
2944
-32723
9070
8326
25756
-3168
-27712
31792
-15083
-30069
1731
17196
18996
6238
31330
-1455
-9267
9630
-21307
8887
-27302
-32045
12782
-32487
6509
-6235
2343
-25806
-12945
24440
5981
17962
-31684
-1600
-32165
13031
-2925
2675
15762
-21428
-32525
22337
-22366
18060
8015
-13277
25130
-6527
-19018
-5100
-15257
-4528
4702
-12381
19931
-15997
-32401
-21084
20925
1451
15165
-13645
32609
22116
1502
7419
6919
15597
6566
14205
23236
8631
16553
348
7124
21473
-6023
-20258
3115
-11338
21306
-7648
-23275
26091
16635
-14356
22871
-24034
26685
2265
-30914
29147
20810
-32179
22140
-12611
-27423
-16729
-11197
-4811
18451
-13930
31838
-19932
-18820
12069
14786
24072
-22849
469
6737
25892
17477
18080
-20525
-3829
27876
22257
-6180
-26549
-29904
-9366
-24999
15779
-1074
-20637
-14543
11798
-15260
-9632
-8172
-20321
17527
-29688
18613
-27709
17823
25097
-25833
16071
-21939
11512
20892
-4347
-9778
-17784
3257
-28963
26263
6562
-16598
-606
6271
-5303
-21949
9162
16298
-22898
4158
17644
-2174
24568
-11406
28722
21848
17587
-30680
18517
-89
-28583
-30919
5555
-11622
-15912
-14768
-28253
2962
12414
-13505
-21475
9297
29117
13254
-13965
-826
10784
-10977
-13674
18029
-8010
-7786
-3940
-29507
6293
26679
28828
30194
-29074
28430
-25069
-9721
-21383
-26127
-10565
20240
-8368
-14076
-20933
29753
-29720
-25214
24363
-13385
258
25257
-4266
16524
7182
21901
-27761
-16693
-6524
-24026
13818
32053
-14436
-15799
6584
1390
21241
24782
-21425
-1833
21331
18318
-15861
11543
-12733
23081
20031
-15221
-8016
-3735
-29129
5285
-31725
-28436
6797
18848
-14623
14960
-4253
-25965
-496
5130
-1850
-6788
-7745
-14723
-26262
13262
-17816
-30308
-2360
-28101
-17844
11786
18959
-16115
-20430
-7894
15190
32374
-25828
32036
-19158
12846
-20800
3649
29963
27372
8265
-1391
27452
30509
18875
-32511
-26482
19353
10469
-19183
-3039
10426
-15140
-17905
19546
20237
-30867
-7889
10410
15297
14618
-13508
-23986
-6077
1834
12735
7985
20295
19300
25475
-26099
-26818
1049
-7962
24487
17547
-26230
57
-28105
961
24297
-30314
9134
-13824
-31523
-9068
13221
-17403
26104
20510
-6600
-9727
-32569
5802
3550
-7895
-19712
6232
16172
-29872
-6753
-3180
-10757
-650
-3549
-19322
24782
30925
25914
-23059
14971
24835
-27085
-1841
-12249
-15832
-3028
21828
30915
268
-14153
-5976
295
28207
31264
17381
-3804
-7270
22171
13756
-9264
28070
-259
-3960
3207
24424
4949
19115
15253
8794
-17435
-4879
2916
-18609
30097
28852
-21921
18427
-30845
-22013
11322
-32156
27179
32541
-246
13751
-23876
9589
13243
7489
32015
23416
30386
6734
21789
21246
-6916
4060
-26791
3872
-13178
-25496
-6302
12997
13407
25275
32046
-27411
-31733
10528
1098
-23189
8659
6971
25903
-2279
-21067
-25516
16413
-10762
19326
-22313
8080
-1238
17665
24011
27392
21174
-28480
-697
28777
16972
-3995
-8224
-6050
20644
-25993
8260
30767
23605
-20677
-25650
-20261
-11539
-8752
-2510
23491
-8782
27664
16976
-11380
-27702
-18803
17519
-25777
14560
-31395
-1907
-14832
29958
-23713
11835
-10753
29869
-1582
-5916
10780
-19259
14108
4755
14256
30075
4418
-22870
-14469
-1801
14097
21150
-6404
-11255
10161
30993
-8167
-15319
23873
-26679
22315
-30338
-5002
-21987
-14405
9167
17147
26414
-10701
-4417
15577
-6622
684
-6731
-3507
20865
13441
30703
18132
-32501
4725
23592
-25366
27465
-9675
13659
-994
31064
-30627
-9679
-872
5755
-31446
28921
-3356
-14314
-10789
-25947
-18226
11851
-32575
10830
-31205
26141
14611
-26146
-30690
6345
29971
27479
-19365
28754
27876
-1430
178
11231
19080
-26513
-4144
21175
8203
-7845
-10654
-22814
20644
18196
-27132
12814
16216
30330
-3630
-5038
14291
5015
28969
18088
3343
-30662
23320
-5983
22232
-27575
-10695
11142
-9515
13045
29640
17255
-2177
2852
-9104
-12238
30072
-26101
-16883
558
-21473
26633
11763
18804
4968
4242
-25544
21475
18109
20327
25401
-6791
-24181
6833
-6454
-12374
9887
-231
-22218
-18363
31081
30637
2028
-22757
-7873
19958
-27589
-10286
15651
-950
-24919
5728
-32220
-32383
26709
-25454
22578
26378
-23658
20235
-8445
-563
-25615
-1050
-29850
21995
30589
6160
-14260
30908
3136
10166
-22831
16716
-22558
-29623
12335
-32451
26679
-29392
17396
-17608
-1543
2
-4507
30758
-29142
-3587
18518
-1950
-22012
2550
-30703
7935
29169
-28911
-30072
25630
26868
5493
5540
26
-23319
11561
294
8589
-15460
5349
11604
18748
12056
11267
-18914
9244
28890
8879
-20287
-8340
10389
-23443
25522
-25805
-373
-19178
-13993
20397
-21523
-31583
-31898
3190
6370
-8045
-2532
10834
4986
-9949
18014
-3232
28520
-5077
-29060
-29093
31724
4220
19350
-12725
-24191
28713
17318
869
-10841
13574
-9308
3820
-3600
-9063
-30489
15843
-9136
2439
8708
27952
9348
28246
-2843
-13728
320
28844
27344
18984
-8592
26395
-1749
-26415
24646
18466
1558
8166
-27125
-19954
24289
-5116
-23215
11359
437
22869
11762
9542
-15041
-13262
-19541
3145
18598
18153
-25208
17106
23254
31445
-24869
-24104
-2604
20591
9715
-17387
29584
-13357
-5337
-675
22193
27754
-32697
3134
-28624
-15790
-18463
-27217
26895
-19929
-27082
-26278
-27464
24237
-25316
-7584
-16478
25378
24810
-13327
13485
-4340
-1606
16619
16329
-26731
-943
24667
-17248
-29513
-6527
17134
-1476
-11664
-2753
-2045
-5417
-11377
-21884
29382
-6898
-31346
-974
21757
1978
-161
25443
-4435
32008
-31804
-3964
10640
32094
18905
25821
-1020
7750
8560
3398
-6506
1765
-21829
6906
-24155
10788
-1706
-21795
10013
24792
29274
280
-30219
23406
2371
29085
-31549
30875
-25649
-18773
2016
19267
677
28647
-5068
-28518
-6498
-5138
13172
-26126
-13821
32066
-26784
23088
-3426
-5879
-11430
2062
-960
-31817
-22218
-7609
7966
30621
41
-11296
-419
-22170
23018
2649
-26768
15292
17144
11087
-1613
17275
10977
-774
23200
-25770
18596
-28422
21940
1921
12953
-11042
-8024
-11779
-8961
4899
26469
-3083
-9797
-26675
26319
-30449
11389
-26596
29126
-27732
-7052
-21815
22413
29710
-20106
25116
18783
14435
1892
-16042
-8434
7759
16759
12033
32622
-2209
12474
-7543
-31439
2086
31070
-10903
28198
12350
2714
-6408
-10040
8119
13664
8427
14926
5776
-11097
1978
10210
32340
-24978
9617
-28883
-32506
4382
23694
16160
269
-10374
2652
30735
-20568
-12387
-19897
-7561
11570
20466
12892
14535
-24242
14926
30189
-19890
-28878
17155
-22665
15902
30843
-4378
-5109
24531
-19215
-11742
-20378
-30485
-20094
4671
-19395
16793
16451
29692
3559
8301
-25946
-272
32538
19696
3087
-1781
-7553
-18504
21561
30804
27828
-6369
12150
-16434
18178
27780
-3797
-20058
-10475
-8061
-57
10804
29513
-27688
-2832
15420
-28715
30490
-29835
13541
22663
1653
-1442
-27085
30614
-31474
3945
-23665
31881
24958
-7372
-30143
-31840
18393
-21731
-7729
-6945
15356
-15544
-17596
-11562
-17312
7046
-6286
-20516
8263
-21477
2695
16404
13281
4780
-13713
-25441
-21277
3483
9391
-6767
-8453
63
-7009
32145
1862
11149
30904
26180
-6895
-7692
31133
-8957
18949
-1469
27974
32233
-24252
21255
10936
-6701
-4604
30162
-28035
4282
-15055
-11393
-21503
2320
14095
10058
17923
-20716
31894
-8911
-5869
-13129
22479
-29555
-10994
-5998
32624
3467
12241
29914
-1670
-1132
-21249
-2714
-21032
21194
-31338
28641
4087
-27082
21980
14191
-1996
1025
19417
1162
-5354
14780
27596
18747
27686
5441
-18536
-31810
-6874
6847
4436
3082
-30558
31600
-6877
22249
-11012
-11498
-2455
15436
-6218
-2262
7468
-32211
13432
-16331
-21758
25696
8973
-27416
3681
-1558
27228
-24146
-5532
-15447
18924
-741
-30860
-10167
5975
23446
-15558
9541
-11040
25301
32758
-8179
-8087
-2212
5264
-4733
-13539
-15391
26534
4531
-29870
-19542
2273
30298
-25552
-29637
22059
-21163
24329
-18590
20575
15113
-21552
-24184
202
23905
-4811
4182
21372
-29210
-25830
-16048
2615
14505
-30389
-132
-22468
11762
2652
3558
28933
17675
-13256
28475
-24362
-32631
-25306
-13695
7785
29375
1865
-28859
-22128
17870
31133
1998
-28129
-21089
6909
-5617
-6425
16245
9294
-4125
6726
8188
-4752
-32252
25532
-8140
29416
20058
-29451
30786
-24515
-3547
4971
-21651
-26710
5422
5513
-29317
30514
2839
536
-5805
10421
22815
21978
-12874
-6294
-12928
4416
26740
-17952
-20942
-22880
-16202
31808
-8182
-13387
11281
18176
-12100
32417
13537
-10846
23435
-30724
-13757
30473
495
-3499
-21817
-16733
25600
-7064
5749
-17401
17390
15017
-16003
-26084
-30887
21800
-25736
-13793
-18602
-22500
16337
21786
-12907
-12971
-17147
20806
-19447
870
-8630
13073
-30352
20476
-3841
24715
-16425
-16080
-19983
29284
-5770
30058
5391
-23297
-10360
28571
-30372
-10579
-25631
5168
-1242
30730
5191
-3901
12392
-10209
2542
-14070
-16391
-4753
-27410
19506
-8030
19431
-29896
-24459
-26739
30549
-6902
-21380
-28783
15502
29766
-7610
-18328
-21898
26551
-15175
24315
7490
-15257
-751
-12184
-8083
-29123
-14644
18536
26687
19216
12853
-116
-4782
7963
-9372
25560
-31922
8909
8355
643
31765
3805
20260
8836
-19365
23508
-22575
4064
-26527
-4496
6258
32587
17806
-15213
-24163
1896
-1889
-9228
9010
-17575
25122
16361
-10037
29416
5422
1653
-4074
634
1001
-12608
15691
-6515
-3075
2407
10584
1585
-25637
29760
11766
29150
-19863
-23419
-30029
21501
14005
-30340
-3316
-16165
8776
11042
-26121
-14177
12568
-27497
-7898
6153
-28829
-26084
32751
-18080
-32159
2733
24270
-6484
-19684
2550
17527
13916
-4716
-30526
-2415
20667
32433
-29956
32709
7057
-23305
-5766
30106
17606
-31096
29015
-1644
-30102
-23022
-24608
23257
32163
-18968
31441
22441
15553
32647
-24163
16545
-17386
-18338
-11581
29887
-26376
30797
1741
4370
27521
28863
19588
-1705
14968
14505
3551
5509
-25279
20427
-5123
-27409
-22887
5905
-22071
-2765
14620
-21140
13871
8585
-16420
7398
-16781
12947
23633
5069
-21395
20881
20289
19010
18394
724
-15594
-15736
31024
28306
-22841
-22933
554
-19989
-21545
23600
-26343
-2495
20878
-25117
-23369
-16120
-19315
-26085
-11634
7461
-23568
32225
-29647
6368
-4718
19778
11042
29297
10919
-9347
-2504
-18492
-7068
22035
5521
14593
-30103
23367
-31070
-25641
-8117
15681
32326
-1191
-3444
28721
-20072
-2081
-30943
-6006
-7898
20121
-5834
-3810
-30898
31138
16302
-15422
28082
10542
-14048
9385
26846
1057
-20809
-32171
-29452
21440
-29736
22129
-2661
-12716
19923
22469
28337
-8520
6219
18330
4448
-29922
665
-25100
8009
10258
-15591
-20955
-29602
21837
-7567
-5997
6705
-15329
-15015
-16799
-30630
-12670
12791
-5307
-10306
25664
21408
9165
24654
-32347
4677
-9588
-17837
6484
-9372
-7612
-3632
-7777
-1422
7333
25159
-19848
12991
28919
-16276
6271
-16734
10563
-10718
30501
-6459
24377
19558
29686
-17632
3534
-30920
6031
-6055
20948
-1408
13597
18744
-8322
-13619
12311
-3802
28126
-6610
-14321
3982
31658
9232
-12705
12875
5530
4537
25029
13195
-11956
-3537
-19779
2170
2586
28434
19331
-31872
18818
-9570
13290
14696
17139
-6473
28944
-7358
-31736
-3852
18935
22667
-6572
-5425
-16421
19651
8264
8850
-25253
29952
21457
-16851
-32017
12780
-21099
-29463
14484
-20640
12471
23896
-6893
17511
-7922
28216
-27126
-5992
16181
-11740
30995
29405
-22745
7684
23333
16149
5940
-2265
-12158
4940
-12001
-21731
21071
17050
10556
25223
-9302
14426
21902
16869
5886
4308
9482
-7519
12462
12548
-13300
32676
-6616
-4748
22087
-5448
-15649
-23747
27187
2258
6717
-31766
-30881
14000
32030
-10740
3337
-22662
-4431
-28526
-23743
20226
-17209
28455
-18863
-10455
-19424
3206
12697
-4967
-15217
-3142
7222
-29956
6746
17704
-10279
6522
-32061
18256
16286
-25162
12229
-7454
-26771
13463
13061
26489
-22838
15344
12491
-26552
-31710
17449
-29169
31404
-24097
1539
-21383
26417
21277
-13874
-14339
-12936
-326
8245
22809
-8832
-26482
-23355
9938
-31618
32300
-28993
13149
15677
12383
-16156
4618
-15742
-20666
-32154
-16400
28688
-16914
10578
7726
-26100
-22157
-1583
31260
-24937
-15500
17483
15968
18226
-32021
32178
6562
-14698
19892
-7230
7180
11987
-3509
9679
-6726
-30682
30088
20239
11789
1721
15414
32394
22667
-29525
10099
-27199
15576
-15740
-29088
28222
-12163
24401
14431
5041
2762
12173
-14444
-10851
-13250
25900
2233
-32276
24601
-27138
-15435
-17694
-17219
-32426
15681
14765
21012
-15561
27541
-14947
-27428
-198
-16824
12805
-30555
32730
-10620
-16607
4388
3079
16004
17435
8699
-24623
-22938
24538
-26529
-13723
-28910
7319
24793
14050
-12471
15874
7138
-7011
-14421
-11976
17300
31577
-16831
28590
28037
-20466
5565
-5232
5220
2246
8482
14767
16639
25416
15232
-11294
16437
-1267
5140
15215
-21925
28960
-18461
-29608
-24389
32355
-10753
-6387
13901
32261
17771
-27762
-9253
-31964
22156
-18755
16369
-25242
-17575
-22871
-24645
-922
-4099
-12738
29686
15380
-24781
-949
30846
26013
2335
-10838
7309
-15048
-2918
-2314
-26898
17789
-9719
25711
-4657
-22991
6893
-23401
-19949
-12240
-22506
-27857
28338
16506
18478
13496
188
-7239
-1630
-31853
18757
-3447
10649
3561
5229
-14905
18939
26646
7284
2549
-16258
-16800
-578
-18282
25294
-30254
9304
-5588
22876
-22052
239
5865
-1893
-3325
-8357
-8193
4896
15021
-8792
9312
-23422
6264
-4649
-27377
-29814
-17381
-1924
24595
-12264
547
28596
-30480
-21054
-20562
19028
-20114
-27070
-24583
-12508
-5913
14542
-18351
-31243
8025
-20540
-10874
31031
-30465
-21160
15037
-20565
-11251
28162
29888
-16297
30295
-6430
-31534
-1388
20425
9091
25789
-22063
553
15193
-14074
23410
-29686
-680
-17552
-17055
31246
31643
17032
-27210
1108
17151
-712
-31687
-23206
4942
-26186
-26039
21430
14657
17687
8847
-3257
27539
30826
-6670
-15722
-12388
-30880
18816
1287
20186
-18648
-345
-19584
7102
31413
-17758
9447
22420
1288
-5069
14026
-8341
-19860
-4141
-16944
26882
-11114
6297
24949
-4284
-27530
-1716
-26441
4267
26106
25256
-23794
21511
19132
26523
-7798
-9504
-31977
-10283
24023
-1617
13655
7993
7022
-15344
-11586
23781
-16120
-7484
31062
-29368
-2388
-20924
-876
1171
10828
21443
10538
-32458
14190
-13292
-9881
6725
-24826
-12965
-1856
14552
2610
-16270
-19802
-22081
31743
-14603
15961
-1896
16294
10859
-16984
14489
25325
-6083
17202
4974
-8907
16928
30440
26062
8045
26698
25617
2229
23778
9330
-13033
-16482
-15299
-16125
2204
27356
-30881
-14157
-8325
-4704
-7042
-29633
23653
11374
-3776
-28257
18759
-23318
30768
-22169
-15725
-9700
-27932
-15201
-11091
5244
11495
-23477
-7172
-6825
17785
-13969
-20990
16866
-10456
-11425
2255
-10030
18391
-32339
-13996
-7918
591
6440
-13481
10215
20130
32127
-32239
-3123
-27886
-2491
2126
-21640
-24384
3333
-15864
30697
24418
-24021
-27204
-11909
19021
25392
19502
27369
-15779
-2091
-16728
8515
-30346
-12116
-3601
1814
26059
7976
-22260
-30385
-27037
31643
16519
22376
-32364
-15955
-18886
24628
-10447
-7081
-24666
30283
-8267
-23601
-29094
11021
-26593
-24610
1520
-30169
13791
-22969
25161
11966
-19858
10005
17493
-22076
-2360
6527
12850
13168
-16308
3507
-10856
26387
-23378
-25838
-19195
13648
-7502
-21498
19775
12303
-22465
-12919
471
-13972
-28670
-2427
6542
-13608
-8079
-15868
9051
30119
-11228
3896
3347
-3402
-16406
-30529
-32030
14773
24001
29033
18348
1518
-20899
9148
-31319
2667
10519
-18344
-2466
-22675
-13608
5497
-13154
-14746
-14441
-23122
-20608
-18244
-2547
10332
7613
30475
1309
-660
3367
-5715
-28787
-113
-19265
-3387
15416
18961
-14205
31857
2790
-8843
16804
6189
-29805
9081
-1141
-20202
22000
-9801
-5686
-31016
-23124
20437
-11994
4423
3801
-30773
19549
23149
30789
9341
16329
-8596
7774
-30437
-24432
845
-26969
9428
-31101
-20801
1202
-5589
-3839
-5864
-6865
-30642
8119
29764
-23994
3412
-24825
-6395
29425
-2900
12982
-31316
27194
-10014
-7947
-8137
-28639
-23136
-17827
-14363
5724
-30340
15209
16340
-12354
-15938
-25978
-16060
16553
-3252
-7057
-21271
-23300
-26908
9490
28665
-18181
27998
-17319
-6391
21362
-1713
-5497
31054
9415
6183
5237
-14339
20153
-23900
24023
15526
22354
-10433
11867
-23801
30228
17825
5660
17681
-28114
21834
30217
21719
3935
18523
-9002
23673
-7100
8661
-2895
-30953
6372
2726
-18408
8214
-12934
5320
26556
-15971
-8970
29618
-28488
32315
-31057
15652
5881
-18899
23072
10067
10004
-12007
24437
-7094
-14609
-8483
-6336
-23534
-6367
-29914
10756
30607
-19716
31218
-28335
-18631
-23664
-29345
10140
-23019
6793
1990
-3847
10821
14683
-7721
9278
3230
23787
1161
60
-3204
-24782
11769
-17496
22168
8626
24091
-15221
13473
-7880
1383
12882
-22604
-27892
22397
-27499
-1304
23883
11910
-24598
3546
-25306
23800
-4938
6900
32405
-2584
-22463
2218
-6927
9417
12787
-15185
2485
-29967
-31283
-12225
-31496
30366
29837
-31032
12931
-17021
26643
-24250
3337
27075
-32100
-1671
30668
5368
-18064
-16773
-3427
-25921
1975
-22795
1544
-23154
-10483
26758
-8114
-8303
3521
-14024
-15917
-12035
3987
-19431
-5290
-16765
14790
-16165
25341
15868
-28322
-13704
18250
19119
-5320
7154
-15093
10390
20067
16717
32624
-15193
30535
-29181
434
-9538
31155
27407
-17940
31781
-18399
-19787
-17584
7895
-1081
-31686
-26416
-11177
-7018
11333
-13749
13663
11933
23766
-19916
31045
16245
21230
-27699
-16724
3600
-9416
32634
-23702
-4498
-13389
-8281
15139
-29333
-5196
14537
30585
-16397
-15922
-12602
25943
338
21875
11723
-17516
32640
6606
-10731
23871
-7065
-5021
-27221
-22796
-1119
-17468
-14908
-20767
24782
29844
-18837
28410
9804
6845
16940
12180
12693
-29456
20040
32311
25577
-2872
-31559
-20793
-4695
-26408
17285
24305
28001
22155
6276
24843
-15336
-472
2985
6859
-10840
30673
24354
960
-989
-18757
-25435
-20013
-19640
19562
-25554
12460
-2449
-16600
-12790
20880
4771
7805
-2316
3669
10986
-3621
-13463
-13283
5515
23244
15655
-24988
-14195
12574
11004
-8583
-12520
-27172
-14003
25444
-7439
-8354
-13497
8932
27102
-5942
26406
-4025
21027
32280
18770
-14336
-2584
5730
29360
24576
16727
28183
22920
-24674
29309
16265
-17538
30663
2978
-8870
6673
-28169
-13882
-24019
23080
-30524
13252
-23091
-27407
-30805
-18922
-12621
-22369
13081
17965
-29425
18244
23805
-8102
-6991
-31345
-6312
4167
-16536
-28652
-5066
16411
-25185
-28608
15394
30031
9872
-19739
24863
-19297
39
3057
8262
-28163
-15356
11392
-4938
-5701
8524
-22989
7532
10152
-31972
-19540
-9647
-14943
2902
-31660
15499
-13322
-28701
12771
32223
-32458
-677
-17834
13003
24352
-16541
31759
7698
-10813
-10368
-32210
-32577
31907
-11159
29795
9847
19669
-8852
-23903
-18434
-28125
-9574
16822
-9133
-4446
26595
-18422
25815
-32431
269
4486
-209
-11939
6292
19701
9400
-32462
23270
737
-19328
-3494
15334
10612
-14428
14916
864
24413
23927
31636
-3454
23360
-16295
20040
-21335
5106
3303
-25150
8038
-15796
31998
189
-14313
26543
-19399
-25118
26836
24907
-11294
21811
8557
-30184
18318
-1794
17345
11785
-571
26856
8570
-3741
25061
-27963
14737
-8699
11323
10511
-14154
31820
4349
-19141
-18324
-6869
18732
-13746
13217
23358
-25803
-9972
-9317
5012
3003
30113
3903
-20065
32230
-14002
-22723
-13831
12013
-32640
11132
-14781
2995
-8058
28078
3604
2896
-19048
-17394
-25089
-21154
-21833
-8378
-18330
-2977
29510
7668
-15439
-21874
12789
3818
7530
25019
-22358
-12606
-31255
-27918
30384
6232
3057
-16076
6389
8176
-31071
-8875
-16947
-23025
-32745
-26057
-3937
-28867
13133
-1060
-11183
-8789
15735
20950
12986
-17974
17111
-18199
-20137
17497
-23815
1821
21248
1467
27534
-25221
-31602
-15034
-5507
31724
-6083
21175
32207
-12088
-21361
-23327
6603
14852
23056
21459
-19120
-8223
31042
23679
8776
-9498
21618
29096
-30623
-1817
-10398
-21703
352
2336
-24338
-22724
-4003
14488
-15314
12365
21350
-30325
-12203
15529
-18758
18874
-20832
-21822
-29650
-3567
18944
14887
18224
4662
-16255
-32544
3261
-25212
-31061
18145
19157
24188
11832
-32708
25732
-27088
17123
-85
18607
13433
3498
-13052
490
-16223
-13655
-21911
31071
-9411
22680
-15119
-11284
-16790
3381
-5495
-13999
-18026
12734
2930
-29144
-23315
-29450
-28553
14661
6928
24483
28345
28406
-32135
-431
-30588
-10128
1006
23048
-19445
23315
-14980
4629
-31909
-23646
12699
4933
19825
4994
-17042
15598
8028
-16792
30924
13779
-16319
-27933
1111
-2538
26608
30505
-18271
23850
23929
-2067
3680
-14562
13452
23370
-23438
12857
26042
-7232
-21577
15337
-12402
-30230
-4291
-32721
-22106
4289
-10075
-12822
10027
31657
7210
6640
-2168
-13470
18840
-12716
23571
19242
24715
-26047
13214
19302
-10360
1125
8600
10081
-4269
-18822
-26037
-4677
-12118
2114
32752
6469
-21974
30037
-4980
-20866
29208
17935
-16242
9204
4187
-24277
-18306
5942
-22864
-27304
-13717
29201
-888
-6968
18460
18747
-29607
30959
-24676
30665
22149
12206
-30448
28481
-29160
10739
-15414
20804
-10236
9087
2276
31843
25222
11909
-4243
-27654
-1361
23457
-22952
26312
-11251
-11607
32716
29338
16364
-31093
1656
-19860
22007
21698
-2390
11884
-24617
-32448
-13274
-6901
16521
-29369
-8224
6679
-4348
11713
15858
-23081
8690
20621
-7398
-4599
-4274
7652
29116
24906
-18533
10156
-25332
-4501
-9359
26777
-22571
21908
15183
-24100
-16043
-32245
-16064
-25828
-25829
-3871
-21843
-6398
-10221
18140
18809
-25872
-29632
10273
3145
-22575
25313
-24082
633
5719
2429
17483
23446
-29944
-31273
6084
-8005
-16053
-32529
-21151
-28186
27220
2913
-391
-13432
16356
26881
29345
-7653
12469
-11630
2919
-3990
-26
-21545
-22678
1943
-16424
30571
8202
30617
-4581
-24811
-16947
-31226
17236
1771
6440
-22920
-12465
16849
-21475
-15710
16800
-24586
-12550
-17791
-13546
7674
-21694
4805
-13959
31159
-18393
-11742
-6500
-6866
-31903
-4105
20098
29890
21075
6075
12890
-28653
-12507
18612
21299
10552
-15676
11827
32162
-29486
-17513
-6353
-19017
-3704
-25468
-13462
-4621
-10262
15267
-24715
-109
10293
-15892
23015
15919
-25409
-4871
-21450
-25383
7459
12560
24733
-1481
15977
-9962
-32115
31825
3919
-4371
-31394
146
-24868
-21265
-26038
18125
31206
-11156
24044
5971
17168
29357
10562
23196
-21646
20308
-1255
-75
-22444
5514
23019
15790
-9354
-5653
-27423
-5182
-664
-2561
20853
-8883
28356
28286
-14185
-11141
-21645
15899
-9280
-22223
25862
-29669
-9030
-21530
10930
27873
-32390
-11172
23276
-372
10156
-27132
27539
-24993
-14310
27445
-27473
15780
-870
-25011
-12235
29254
24423
19184
-8724
-22203
12165
3733
-14649
-21846
31116
5368
-29626
15173
9866
12145
-5301
-10076
-3055
-9937
7910
-13201
15493
8804
-28173
21354
-127
-17174
-8768
-7215
-20643
20793
11523
32196
28244
26226
-32262
-20749
4131
-7949
4091
29663
-28877
8369
-22952
10233
20406
7517
-18390
-12768
28337
11454
18813
-4742
-19952
-14215
24331
4734
-1957
18991
-19718
417
20516
9788
6378
1624
-2363
3291
26189
-24622
-2330
-31798
-30336
-8530
7443
-29849
-14702
-21478
-4394
17713
-24247
-615
-9597
-12890
23874
-4199
32300
-3121
-14394
4942
24694
-1747
22242
-24603
-28140
10653
-6568
30637
19115
-2888
-14688
1916
-27086
7947
31150
8123
30089
84
22399
4083
14945
15118
-9271
-13660
18351
-26290
13940
-26573
-10582
32504
-13112
-4961
28910
7103
-4667
-2698
-10893
22536
2473
11039
-17208
24846
-5790
8418
-25953
3340
-27604
-8837
-12286
3978
-7231
568
19578
28084
30907
24277
11361
134
9438
-28554
-31457
18462
29672
32250
-869
29920
6459
27612
12369
-2788
26891
-7077
-3571
26515
908
12357
-7172
11548
7366
5461
-30692
-9514
-31998
-21452
-16384
3216
19531
-8249
28633
-22686
-12844
-750
-31247
-2518
-7968
-23035
-20152
-128
-26863
10376
-21555
30543
2431
-24988
32275
19363
19134
-15651
18872
32214
31666
-6955
-11463
-26997
668
14932
4277
7574
-8607
-13423
-15623
-32039
31974
20061
-15177
-11487
16895
31387
-25845
-30710
30329
18103
28376
21855
4928
28471
22977
-31294
-15307
-4471
-26222
10294
-4863
-24539
-8292
-4471
16010
24326
-10887
-31170
-6375
10622
8591
-19489
-19946
6754
3517
3151
16424
-22795
23729
-13124
19864
17316
-6691
6993
20731
-23610
-22110
-16811
22338
7512
-6012
7371
-30910
-11399
30513
-15823
26615
-2179
1451
-21012
1920
18510
-1953
-23465
-30134
-1635
11355
-13011
21565
5485
688
-31944
29782
-22804
8111
23383
19442
-26442
13725
-11179
8640
-28893
772
-15899
-6964
32719
29528
-15859
-32539
-9680
-22181
-29143
28210
28178
14224
22989
-19648
8485
24003
-11267
15664
7882
11803
26857
32253
6197
18549
-11522
72
-2996
26389
-29117
-30624
-7538
-7147
22694
30793
7240
32079
-25002
-695
29926
19555
24376
-16490
28386
-22322
10570
30132
5620
-8795
7000
-2386
-22614
-2833
11696
-26233
-4763
3651
-9014
11936
-29520
-4038
-10029
29189
8642
28233
-15572
15617
-9681
13758
-9228
-1821
30502
9135
23816
13018
25270
11098
-3996
-31202
-15612
32462
-19402
-23081
-29952
32457
25389
31337
26242
4957
-740
9266
-25502
-29069
-23883
-14755
-20779
-3930
25956
-29215
-32639
5878
30445
5337
2598
2229
10603
-8000
-19445
-20
9735
30543
-13524
-3123
14276
17273
-15816
27603
28342
27459
-11616
25261
27755
24211
-14302
-2522
-29192
12041
25395
30179
-1661
-4512
-6821
26963
-30012
-26440
-20254
-22318
4523
-5528
-17157
-22141
-7937
29142
-19178
-13985
19697
19774
17351
19205
14257
-15697
14922
881
-8350
7697
-20397
-25005
29562
-16419
-5268
7545
21788
-6457
-28278
-15304
20709
-21299
20520
-10246
-29721
30107
9759
-9914
-14205
18910
-19373
-21209
-18327
-519
-6905
31133
-23924
23830
24904
-29720
-20044
-15848
12488
3721
18631
-16550
-12515
-1268
31917
2146
28767
12961
23202
31542
-28841
4202
6637
27861
28185
-883
539
-14574
28590
16474
-5117
32263
-16306
30011
-25684
5965
-6489
20111
-3906
21329
11823
-2864
-13685
-880
11970
-22210
-25013
21048
16788
-6908
28013
23787
32391
25815
1707
-1330
27059
16664
-16949
-27712
18076
-6455
-28576
-26883
-7834
17351
29189
3238
-7936
-20125
-10269
-27586
18897
-12156
28196
-26471
-10286
1160
879
11343
-17131
-25778
-1946
-24473
-30053
2535
-9935
27474
-26721
-24336
-3606
32698
2787
27585
8048
6483
1593
-30369
-19146
3931
-13699
27761
-13266
-5350
-24087
-18467
-28452
-30354
13767
-7106
5694
25700
-15305
15114
32588
21066
-7627
-32557
8781
-15430
-24709
-5877
15954
12559
3891
-32691
12808
22398
24484
17677
31984
16891
-6595
-6278
-11295
14467
-6080
1872
30519
-30877
29311
-27149
20159
21256
23102
11948
-597
14693
21803
-3411
-22596
12682
15226
9271
13148
-4077
-2775
24438
-26054
21612
12076
-1408
17627
5323
7619
-18575
-5965
-9103
-30430
-13112
21860
13874
-6316
28131
-12444
-7405
26294
-29729
-8903
-25314
13394
-13049
-20756
3784
9872
27528
11969
-15787
-31278
9730
-17722
8052
22027
21533
-14822
-24359
-21139
15598
-12503
21361
-21217
15455
7253
-6124
13940
-20011
-5029
29977
-27430
-31942
8040
-6709
16635
-31881
12136
-14092
6120
12561
10260
-10666
-11708
-21877
-16178
-14132
25246
-19821
17390
-6443
-17466
-14280
-9047
-30642
-19204
12233
-27012
-8798
24372
12930
5700
-23998
-12283
-7224
-11682
-14991
-19161
15
31086
-19974
19990
-24083
23931
-21154
-22882
-4317
24532
-25426
-292
-7557
9879
1325
-20373
20963
-15516
5282
24952
-18657
-27511
-2536
7962
5127
6212
204
26726
-27045
-24305
17421
32602
-28785
-6403
-20382
-30774
32397
19637
24640
4006
-17909
-32021
-29248
5089
2437
16614
-8808
-29998
15018
14453
-6962
8661
13766
-16836
16081
6230
-11843
18669
21129
11369
13824
-22039
-19664
-707
1412
30418
-28386
-30433
-3369
23475
23030
3452
10475
10456
2341
24594
-22990
-25993
14368
-11894
-5495
9104
-24442
-25148
-32312
28542
-18563
-24174
-11583
30692
-12945
900
12993
-19986
-22249
18620
32318
2353
-1042
-32669
-19038
-18476
9003
-25847
15626
17267
8445
-25863
2020
-28013
-19574
11480
13005
6313
12795
7748
11089
13679
29531
-5263
10138
25441
-2804
7790
3477
-30299
16618
31578
-8211
19105
-10247
-4107
-29056
2237
-25886
21940
25168
-15029
10883
-1705
19790
28986
-22392
18682
18131
14797
1476
19027
-23048
-27780
703
-28860
-23254
-30615
-4264
-25049
11369
7017
11204
-20423
28625
-3224
17584
-13068
24176
18734
-19465
-6866
-32654
11468
8575
-24991
7660
-2370
-5170
-23279
-28182
-17178
-31747
-11984
-27858
-32717
665
28100
25700
22784
22111
27910
-25870
16843
-16549
-21400
4924
-14362
21140
20525
-27812
18417
22188
-19658
21098
-13904
-14920
-25926
-6880
15494
-28766
23389
15835
-15897
-26152
9337
4727
20031
-11666
9049
-17528
25025
-29990
22485
22327
9115
4782
-27415
-25139
2341
13043
-21885
9394
-6957
25368
7469
19860
12269
-28520
27260
17615
-14285
30205
30335
29875
-30947
-28989
32523
26520
531
-14441
15307
8898
12397
-13270
32355
-5189
-26055
20434
-19628
-16216
28077
20546
-1964
27372
-947
-15075
30246
-1768
-25615
23975
10930
4523
29670
17368
-21935
-31956
30649
-16354
10580
-12465
-32601
-16830
1948
6144
-7373
-26774
-20286
1772
-11618
25255
11342
-30158
-13095
6396
24813
3760
32617
3114
-3093
27175
-23410
22642
6381
-28924
-21336
14766
14108
16505
-11712
-17873
-2358
28418
-3427
23695
8311
-1343
-9434
18042
1460
6977
-17217
-18249
-16038
-24893
10179
-1485
-26796
6845
-9993
-8627
12079
28865
8072
9738
4752
-5399
19247
-18603
-11266
13311
30612
29842
6894
-1167
4333
25348
18147
13130
14065
-24772
-10042
-1120
-27218
-17633
-24352
-22863
-13831
-1914
799
20154
31868
-8538
562
-19135
-16933
-10571
-22092
-30702
10294
29093
7109
3713
-28636
12913
11083
-11085
-14719
2831
9061
25602
-11518
-7665
5018
-31132
4779
-29835
-25557
10910
-18955
6647
-14844
12524
20397
-2838
-8960
-16706
-15278
-26302
5806
21784
13345
16690
2891
15145
10361
-939
-4413
-3813
-16638
20699
-2491
-5997
-6426
2730
-13555
26497
20605
-10390
7485
32352
-8679
-6929
2846
22972
7255
13809
29165
24729
-9643
25403
20863
-14571
16476
-5530
-16194
8472
25866
-11144
7473
26545
3675
9054
-8048
-12581
14769
9967
1464
-18448
8518
10995
-25005
4895
-23614
-16842
-8107
20654
-30686
-3368
-9146
-31520
-26409
12654
-30504
-26506
-30180
8450
9253
24305
25770
25753
28217
31985
-28538
-17759
-2166
-18533
31779
3714
-19318
-1108
21365
18301
-24637
-1483
14271
-13894
7086
30360
22678
-31011
-9992
-25056
-7161
-27071
-4121
20043
14511
3497
21831
18893
15407
-3580
5817
-21473
17378
7413
-17150
31024
8100
-5534
28355
20158
-11518
-10691
1596
-26955
-29342
10096
-16210
-7463
-16026
-6158
27388
15182
11051
-26898
30126
15692
-22044
-14720
-3346
-333
10257
-2553
-13379
25184
-30190
30388
-23781
-4823
21492
9921
-27481
-9631
-11553
3433
-28217
28829
12931
32392
11976
-9582
11022
-7517
-26006
-15994
-11283
-22346
24941
4223
-25931
-16761
15171
-29324
-12372
32092
-15606
28276
23330
3623
19428
-16436
17003
-7992
-18676
-10308
7715
18488
-11284
-29153
-354
2915
-18609
-9319
-24401
-205
-21204
-27534
-30541
-23599
-16680
-31960
5767
-24591
-18783
-10991
-27961
-12304
22837
-8336
23021
31331
23090
14515
-9428
-13598
15273
25379
-26133
-11127
21064
10677
26642
26305
29565
-7566
-8556
5194
25845
32358
22789
-15086
-28851
-24258
9204
-8669
29979
14691
-16687
-22329
27541
22609
7528
-21153
-15922
7457
-8691
32520
9533
19205
27499
4389
-27544
-4287
10576
22066
-1126
23864
3594
-15893
-6025
19292
21361
4734
-22532
-30615
-17554
-26276
-17042
-23732
-31001
-8795
13839
-16714
-20089
9285
2706
23028
-5853
18644
14906
3357
-25665
-25499
-7923
-4496
26101
23275
-15356
-17786
-21406
-1534
-21184
1406
-29595
-20476
27670
2628
23589
20497
-25610
-32743
8089
24310
23430
9419
-21971
11796
-26850
-7502
3460
25914
11318
2832
13256
-2929
20246
17258
25829
22849
1220
-32563
-24386
-6167
19341
-25012
-5375
8738
-1033
-25694
15908
-6532
9388
-25904
14018
-1248
-10114
20716
27744
-1747
-7495
20274
28889
27567
-2785
-25526
10031
-429
20193
7764
-25993
19265
24879
-16021
-2534
28232
-7186
6826
-8302
-32160
12339
13180
-9479
-18953
-24205
10723
-30007
18068
-5385
28783
23792
22382
-28927
-2970
26415
7226
22980
-2768
12345
-29326
29113
3582
-10377
-22752
21998
12326
-149
8511
-16596
-15019
12734
-12441
24984
31928
-13745
26657
22707
-12627
-1248
32525
29604
-16726
-2035
17916
25540
25967
19646
-26193
3568
21271
1887
-4920
25823
1824
-24586
-4652
-25827
4739
-18671
-1626
-1118
-20528
-7450
-12715
-13271
933
-22550
-28581
-20145
-26745
-16874
-3350
-640
8363
-24831
22570
-10690
17586
-27468
1772
-24360
19290
26071
-28429
24204
4313
2905
30708
-10590
-16426
30626
5770
6481
5149
-21230
24143
7744
-97
7664
-2287
-10688
8140
-8484
-10707
12612
20735
-3191
-25767
16938
2875
12483
-830
13365
-4726
4712
-1903
-7447
3756
26593
6184
8963
18123
-1376
-6946
1237
7928
-24834
-12536
7781
16573
-28883
-27510
3718
-25616
19487
-4705
17177
9714
-23585
24982
-16413
-29296
-16373
-19207
4705
-10451
28150
8287
-21189
-9851
17968
-14352
-23877
4656
-23903
-1251
-4014
23833
-25887
4660
22763
3882
11087
-960
27937
-5943
-14369
945
6178
-22731
31924
-7445
31264
7101
-27315
28267
-10280
-9955
32091
-24268
-21789
-11449
-8445
2413
-13850
-7041
-27907
-23524
-10542
7430
-8931
29535
-4989
9443
-18015
5100
28194
-16779
2077
-27867
26619
-4609
30282
25023
-19746
-25564
24497
27656
3438
1693
15099
-2666
23127
6506
24636
2796
17330
-11132
-16777
12304
-25239
2783
27845
15966
19766
-8528
3501
-30349
-29381
-29070
-20057
20881
-29759
5002
5945
-13613
2919
-7968
29737
21132
-32310
-22599
9504
-7696
-22285
-6887
-1555
26680
-21154
3017
-28932
13874
14666
8275
-4139
3366
8219
-14033
22256
-27852
22989
23448
-31055
-29987
13736
-11659
5008
-16214
-27381
26196
14818
10837
-14081
-15111
-16830
-18658
-4022
2424
-16901
-24623
29649
-26201
11921
6272
-12662
-15292
-8981
1073
-12405
-26717
-769
29011
30326
-17223
32572
-11000
8549
17904
-28358
22369
-3631
27758
-29225
30731
8691
-26140
-16263
30615
30427
-198
-19820
-9215
7035
-26803
-14835
-29233
-13837
-8915
23309
-16342
-16431
16565
2262
-12075
19606
-18973
-20739
25957
-16300
29710
15690
1578
18882
30638
28947
-26440
-20590
-30063
11002
-17642
-7561
-5886
28953
21460
19679
-5069
-5800
-3201
29759
18619
26064
-17698
23693
-25869
17842
-29810
-11831
4994
-13669
25657
5150
3424
3230
-25563
-19373
-2940
9457
15157
14580
27170
9502
-14974
-3185
24602
30749
-21345
-875
7426
-24352
13889
17733
-31669
-13777
10608
5421
-18664
8041
-19979
-27496
-26820
-25610
-24606
22719
7873
-21806
10710
7538
13592
32594
3451
-7502
7237
-4894
31390
6628
26144
12777
-306
-23819
-9151
-13386
-11162
1838
-23301
30221
-24735
14011
-10559
-22534
-1621
-7631
-5611
3685
31730
28214
14435
4185
21213
17002
21069
11451
-20083
27242
-31291
-8935
-15167
26043
8051
-16395
-27838
-16941
23365
-16038
894
3208
2207
5203
-30769
13696
25596
-8801
-7194
-21736
-17168
-20185
-3725
-30511
-29214
-17033
-4742
17954
9211
-31873
22643
-16928
29191
21580
-16038
-17722
-6575
-18439
-24683
-14659
-5748
31308
-24777
-5856
4834
30924
6611
17516
15839
-10632
-13396
9159
-549
-12356
-16651
11405
16979
-22369
-28734
-2165
18125
8056
24779
-16742
-22896
16685
3426
-6869
31059
-1064
-9621
-20149
32371
-8795
9600
-7269
-2019
-21067
32028
16837
18215
-17408
-8443
7713
26888
-10529
-15134
23065
-31221
29164
-8464
-18157
-5845
9516
-15768
-32034
17941
-26696
22251
19796
32100
13814
-559
-20006
29446
28440
4999
24306
12380
-25468
-9852
16166
21439
-26837
-28983
12907
-7277
26669
-16878
3179
3338
30450
-994
2688
22032
-4891
19701
15130
-10858
4229
-11897
23447
-1547
-9192
17104
-32594
-16280
32021
20809
27203
-4746
-32287
21871
-2929
-96
-29269
30849
-14808
8775
17024
26414
-17124
12480
-17360
-6731
8942
26758
-11188
1829
-8654
-7060
2816
2182
-11439
24095
12888
4205
-14854
-4346
19279
-12036
4607
-4939
-20531
-1247
27922
-21133
30884
-30279
-21979
-4312
-17105
-16084
30299
20955
23859
14919
30106
22752
5699
1471
32319
31776
23526
8493
-31185
-14042
-25611
-1705
3899
28446
-15439
2439
-19356
24430
-30475
20320
-22684
1555
1722
21216
26596
-3654
29104
26723
10129
-10880
56
-18728
-9656
-24089
1886
-13977
-5810
4934
16509
21650
-20483
-26631
29978
5353
28880
-30490
-4580
-21950
3839
18977
-12007
668
7056
10692
15395
6342
16442
-26374
29280
-11764
28573
8110
-4718
22324
-24586
-1726
-3190
-10782
15684
2654
-7482
-12450
-4902
-26959
-4514
7868
-18051
-32396
-32408
-19139
-3107
-11789
23998
9945
-31196
24312
-8840
-12217
15520
1846
21771
15476
-9046
-6732
6866
-18788
11972
-23945
-6894
4591
32393
10481
-15051
27932
-29068
25323
-19593
29022
1636
24788
-31780
-11295
-19712
-21612
-16120
-2240
10317
-30534
4767
-20755
-22558
-25576
-21246
30879
-3624
-16783
11462
-31162
-10270
24623
14343
6864
-10628
-32117
-19134
-28325
-13172
2951
-9141
8487
18937
22084
-2310
29037
-972
23281
-7716
-24587
30682
-8873
-11415
-6387
6893
5929
-669
-10788
-23075
14191
-16302
-15195
20800
-6245
-24155
8518
3846
-417
-242
-16957
-3452
-20617
15378
-4098
28950
-9212
-15258
2725
-13678
-12188
-10863
-12921
24027
27597
12171
4636
-5541
19396
-17722
3156
32674
-25233
14142
-32638
-341
-6673
-8647
-23201
-3455
13461
20769
-2305
11342
3588
2629
10943
26007
20931
-12533
-9605
5593
-4535
3869
1309
-32529
17059
-1158
24279
-10050
5635
-6174
-25812
10103
-24714
-2282
-22432
11750
25309
-7069
-15782
2806
-1071
6787
-17641
28348
10687
15251
26188
-1273
-28747
17836
10268
13750
-27131
32365
-13229
-31574
-9336
-5650
28796
17487
9035
16045
30945
28322
22312
-9993
-22966
120
32721
-17651
-2322
-10291
14007
-25206
-6037
-30638
-18235
10072
-20731
25652
15107
25071
-7683
11447
27371
-13444
29098
-1458
4738
-29604
-23021
-28552
-12750
-13246
21378
-9259
24542
10810
29926
17078
-6259
22524
4205
27175
-22723
31236
-24381
-19272
7184
-6051
29498
-9300
9039
-9958
27969
-14455
2745
3701
-1347
25907
19036
-21165
22539
22731
12260
-14900
9414
-15918
-9157
5191
31271
28394
22998
-4283
-10394
-13433
944
-6837
-24629
17216
26778
30647
-12645
16722
24772
-27426
-12144
-30908
29248
-780
9341
-16804
10626
-7504
12396
12013
31288
25051
-4354
-9369
30472
19271
-3344
429
6053
8133
1408
-1322
-13111
-5731
-6013
7007
11761
27089
-17393
-2789
-4157
31932
-3909
-8433
-15767
-4824
6101
-209
-5418
-8418
-20865
-19210
-28882
28766
-13089
5677
-23253
-5259
154
-12029
17368
5937
-4723
-27451
2491
-1594
-5339
6354
22519
-6473
-6555
6392
-31342
7046
20140
-28186
9215
22301
17174
8677
22711
-5256
7419
21004
-25418
-9859
10767
-14862
19597
-23920
9491
27808
16185
-7772
5316
-5545
29172
5794
20103
-24442
-3038
-10122
11188
-12553
-3369
-26897
-8341
-18120
11933
-12404
-13732
12445
-1541
31752
-23396
-32479
-9621
-27391
-13201
22441
17964
-7914
-28557
-10050
-3528
30329
17385
1511
-32052
-24968
25080
-2160
-4943
18227
28910
-24897
-12976
9623
-4043
1567
19478
-18622
18280
25151
-23726
-262
24302
2097
30051
-18530
-32666
-18956
-23541
14236
98
13995
24047
16650
-25500
24763
-6606
31100
15979
28284
-11692
-21774
-14072
-8497
-13863
-30979
24053
-12927
-15675
-16380
-28360
-12848
-17319
-30381
18382
-7109
-21559
32106
-27538
-152
22918
22385
29655
-15296
-9844
-29523
31245
1797
-1164
-13199
8630
-13807
-29597
-9743
17696
-22078
-11082
5942
-7000
28235
-7171
-30290
743
15606
-3935
-8176
4146
-8602
-7201
-22338
-10560
-13540
-4119
-13680
-22634
-25242
3997
8282
22673
-22582
28064
-4360
30405
25801
470
21505
-25459
2016
-18308
-30453
9143
23287
-28541
20643
-8010
-3639
-5488
-31533
-29519
-16339
3811
3413
-11653
-27741
-15953
19997
18209
-14096
-10692
29768
4755
19080
-23591
19876
-5611
-29058
-108
9071
25917
-14256
20142
11064
9967
-18545
163
-23277
25364
20501
16978
-29110
28011
-3889
-30226
-32729
-5842
-26472
-18596
5638
-14833
11721
-17305
10128
2605
15581
27993
-9265
-18130
22703
13613
-16411
10894
12233
-26667
15885
18855
20173
-5205
-31119
31912
26213
9619
-19516
-17281
1230
-21163
-17177
17256
19461
-8936
4532
-21034
26139
-898
820
20568
-4522
-10321
-18416
-3370
-7858
19459
-19421
-13464
20933
8270
2007
-8095
-8293
-20553
18336
1819
-3576
20700
6935
-21764
-17134
-19931
-7746
32238
-30585
-18300
21604
29569
19763
1813
1330
13485
-2840
-7153
-10451
-28446
22505
15105
-13471
4451
-24313
-18018
27962
-25027
14939
12962
-3081
16312
-9668
-22924
-6715
30741
-2251
5372
-12265
-4274
28709
-14013
-19436
18937
-26222
-3238
22393
-9614
6923
23665
26661
-20277
-6440
29705
9956
23135
21862
-5581
-31473
4997
-17552
10736
20582
-32213
12415
-19456
2870
-10902
-18074
-7951
-30514
-8305
26087
10468
-9511
-7128
865
50
20089
22875
18107
180
10483
25909
-16841
-23598
25350
15114
1312
-13467
14374
9749
-6289
-10962
-22406
20098
-5299
-21984
-16314
15613
-3965
28928
12868
2944
30430
-19173
-6034
-30108
-16767
11206
-8692
2233
904
-544
9938
-30349
-23584
12891
19605
-18007
20159
-14648
22627
23156
13855
7929
-838
3100
-13535
-28425
-25761
4831
-9203
-16846
-7692
3778
-2533
16738
-2253
30275
20286
-18191
24409
-27336
-9092
21139
-23693
3451
-27331
8873
-16780
19205
16017
-3184
-280
20616
-8837
14650
24796
14594
24546
17491
32510
16710
-30858
-18443
17603
-29019
-15531
-10643
26270
21030
20911
-736
-11264
20009
9365
19049
25810
23228
10844
-26243
-28128
3445
-15442
-20708
30776
-24572
-32596
28710
-881
26991
19987
26105
-11925
-32331
18622
19398
-50
3815
29772
13599
-152
-9003
14220
-1806
395
7661
-17000
-27096
6742
10522
20200
-10574
27476
15406
13687
9088
-28021
-14875
1272
23639
6341
-9511
22985
-1659
23317
-28783
-8848
-8478
27406
18142
-6136
-17189
-14462
-5192
-13735
-32348
27663
3433
-2149
-760
14167
29200
13828
-27443
8092
14213
14037
-24498
-31785
-7575
4721
27030
10557
32681
-32364
20651
29759
-8139
22730
3331
11524
6372
-27741
-19968
-27961
-13416
-31273
9427
4145
410
-568
29061
1803
-19820
-28227
-7502
14500
-9977
-27771
17187
22753
21298
-648
-20144
10805
-7492
14555
-26859
16187
-6542
16945
26462
14210
-14437
7798
-22042
13948
-4089
-24273
7213
30386
6181
-12525
-22592
31939
-6228
15000
-10791
22648
-8199
26059
15004
12297
-28383
8255
-2826
-16174
-1075
12331
32133
27957
-17500
-4817
23337
-11440
-18112
-23340
2344
-27250
-11975
12916
-19416
-32716
-26601
9189
29236
11688
-30954
-9558
25733
-137
18827
28663
-25458
-9235
-16425
-18720
31406
1848
-25018
17797
-15567
-29433
-20359
17876
2221
20748
20758
-14191
11598
7169
15424
-3019
1298
-24376
11014
9031
-27596
-12789
17741
-22790
19814
18332
32392
-13538
-19405
-24084
-8174
10027
13288
-5025
-14345
3401
-850
28009
-28348
20717
13504
21714
-30045
-22410
17667
-20920
-3191
-28523
27904
20679
-16206
15851
12262
-21193
31367
-8731
2722
-15358
-13858
8706
-5252
16550
-16452
16572
9147
910
-15831
6808
-3592
-18488
-4665
-682
-2452
-28833
516
7265
-14557
-28538
-11571
-28458
-19568
18720
-16354
15171
-9842
27213
5353
-17175
23046
-25451
13294
-9504
-16239
1430
12273
-21158
1770
22813
-10972
14862
30221
-22755
23479
-28264
21072
30937
-4611
-27497
27464
10531
5910
7871
29219
3953
26972
-15527
8043
31588
-7283
31161
-15194
24185
4040
20376
27637
17532
-830
16086
26044
24128
10133
7623
-14586
-29646
-8004
30598
-30895
-4282
4398
-28193
-22384
25254
-5241
-24614
20936
9446
20220
8126
1807
-5978
28861
-8103
-9460
26612
32012
18450
14594
15552
-13159
31768
-27346
-2157
31042
-13520
18886
19029
-4240
-9012
27679
-11429
3434
23450
29281
20371
-24511
-7145
-17819
-30040
5468
15031
-8883
6144
265
4606
1887
-5164
30504
31177
-21569
-11163
-10875
7067
22011
2296
23748
-18622
-7022
21704
-11318
7865
-2721
-29761
-32707
-7043
-13542
4781
21413
-14757
-18763
-12971
19792
-7286
-6246
-11940
-10142
24366
-21202
-11834
-8956
-31278
-4939
-3628
-23759
20903
30868
7350
-8212
23259
-13152
23680
-28905
28019
7901
-10686
20577
7597
30204
-4922
24051
-20083
-19328
-27831
21355
32114
3885
-16872
32562
17536
-29226
-21391
-30614
4860
-26726
-26059
22978
25707
15440
15202
-9654
-25477
3618
-28343
2456
29179
-2713
17545
-21830
19371
9472
-16970
-2102
-30925
-32717
28746
-31161
15077
-8620
9291
9670
23901
4073
-9355
-5909
9453
-15582
-24761
3891
13316
4204
-20266
27902
-15377
16157
21602
-16644
17223
-9540
23852
21433
22605
32007
-6738
22320
-15788
-12269
11757
13591
-30488
-7649
-10208
15999
16915
16762
-8790
-8418
-10065
-28333
-29542
3071
-2106
-17238
-11031
-290
-6271
-24946
-82
-17127
10408
-29353
17707
-29980
30931
29188
3162
-28241
3768
15810
-26589
21750
-14339
3419
7164
-16806
-22677
-19882
-25190
-30612
-30984
29705
-21922
3453
-6388
17745
32130
25480
21657
-24414
-22217
29066
5947
18388
-6289
-10834
-2593
9038
30389
22972
-26577
26106
1969
2043
16368
22929
8853
22143
-1438
-198
13849
-17000
-32497
16128
16986
6531
-11067
-29264
22839
-20706
-1619
17985
-12539
6534
-22801
-8489
12644
7690
2449
21567
-6990
5399
-18380
-7041
-5441
7589
-1560
-29045
13177
30052
-28256
2397
-15760
25415
-14227
-17906
26484
17682
-18508
16180
1064
-20250
-8213
-32065
-16265
20867
31705
16635
-22998
21688
27666
-2627
12890
-32683
-32399
24361
30646
-25502
18700
13556
30917
14743
14481
-2636
-1012
22918
9041
18927
-30104
-6067
-27369
-4116
5654
2181
-14676
-6189
114
-6826
-2596
-29221
27794
31959
-14039
3310
-23879
14671
-6688
-12967
14042
-25711
9126
-17295
12181
-17828
-6853
-14064
-15712
23342
24165
-32491
-18861
-7892
27103
-18155
23759
-9073
16901
-27248
-4059
26369
-15905
12108
-13972
-26572
13207
14357
1675
-26110
32646
26337
-12246
18984
-15063
-21068
27100
1170
11584
-25715
10588
3277
-16647
-12844
13832
2718
32478
-29634
-19036
-2126
-30917
-26901
-24418
723
2352
31731
-5074
11054
-16203
10568
31638
4829
29025
8133
-26634
24721
-26976
-11355
-24214
-13879
15049
18444
8202
20542
32634
7056
-9132
20761
-20968
-3189
17738
-31590
25551
-14177
-29464
16942
-31092
16417
1066
22268
-5604
-28537
-27204
-23778
10066
-27856
892
-32079
-17087
-30283
-20804
23404
28549
4065
8644
2521
13829
32324
12419
-6297
-1767
26960
-10994
-11665
14315
-29648
14824
-22938
-7793
15476
-15536
-15359
-14836
23463
24622
5518
24387
15557
-6881
-29870
4937
-31677
1392
27575
-2487
11908
-10938
21643
-16811
6315
4996
21208
18015
21719
-29617
-13439
25972
-31172
-16338
-12916
5905
-19865
6402
6039
-9577
10744
4238
28822
11317
10927
-25559
15195
2627
-19604
9062
23880
2039
15277
15870
-28468
32515
6258
12952
24866
7948
-31677
22187
28942
-31766
2075
10026
-31356
-9878
11755
8244
17326
-872
-4820
23673
-3265
-12149
-26216
-11878
791
-18705
24403
-1745
-1311
24944
8511
27090
-29400
22630
-100
25417
-18439
-30378
22727
-6543
23413
-24122
-5572
17413
5121
-23938
-7361
-27437
-3540
27425
-21128
29776
28098
5760
24012
22129
-23288
26098
16613
-6413
-2736
-1246
-9900
-21315
13785
-14372
-16681
-29466
19527
29959
-15180
7735
4598
-11319
12621
29845
-2791
-30704
24474
14294
11624
13938
-14633
-26849
27990
-17352
20611
-18822
20124
-12630
-3783
-26955
-12091
25519
-4958
-11543
-20062
-23707
-19371
-830
3127
1234
24833
29626
20148
-13477
-2151
12215
17261
-28117
19651
-17693
24058
-17111
29726
-2027
-27772
30868
8491
20845
8358
-30708
5116
-25802
25384
26402
15489
2477
17362
-21095
-20132
-10943
-5608
7885
-7149
-20826
31355
28596
13465
10060
-5367
-8770
-20546
11142
-9673
-10791
13881
20353
7266
-11414
-1574
110
-27969
-32688
-14603
18715
-17596
-21822
-10361
16476
11138
-16842
15711
32493
-9882
2493
29836
23539
-23785
23810
-30866
27253
11281
-30286
-11347
17943
-13459
14955
-26160
25378
-23133
-27623
-14395
6361
-27152
-6974
-5246
23960
-16687
-31782
-9003
-8093
17437
5690
-15284
30287
-24578
-3804
367
-30079
24837
-2104
18502
-6180
21144
-17572
6094
-4405
-7719
13594
-13345
-27068
-22052
-3278
-21327
-2087
3827
-2920
23654
-7519
5251
29505
-19453
25621
9375
-2776
605
10362
5706
28014
28640
8362
16370
21250
20105
-15044
-10431
24719
-28895
19670
-13146
-31048
2725
-19259
-20635
26652
31492
13491
18118
-16963
20703
7692
-13622
-21599
-12381
-32603
-30053
28441
4672
8396
-9660
25676
13117
-23436
-29146
-32142
-31028
-18
-11540
8558
12180
-9564
-25451
11746
-24236
27997
17155
22966
15731
20482
-32701
9640
6072
-29719
10728
-24871
5632
-26753
-5456
10048
3048
13463
-18111
14455
-25870
-29646
-32464
-17061
25674
27642
-20870
-22906
26982
-8173
22949
-32574
18359
24516
8335
23486
30725
-23750
-14987
2175
-12057
17145
19357
-24106
5310
-27705
-11402
14803
21449
8904
-19285
-23065
7141
-11222
-2435
-26349
26609
9845
-13855
-23516
-14309
-25828
21955
24931
-18966
-12801
27806
-29809
-17211
29310
-18771
-15018
30327
22894
-4692
-31588
9533
10581
-21429
20970
-9387
14402
6484
-23484
32442
-14051
-29839
-9464
31162
31382
-28788
-23380
2255
12419
-31799
10669
-26636
5826
29595
-20224
4375
-7444
-13727
-512
4622
14627
6520
20453
18625
25496
-20956
-28718
11678
371
26824
-13269
-24814
9585
-22267
-9612
24605
168
24490
-2773
-9583
21233
26705
28134
1829
-3815
-27985
18592
4847
-24592
-6728
-8642
21602
21293
25275
-13433
3881
-10209
-15194
27757
7152
-19045
31687
-16776
-4990
15925
21834
7105
-22938
2861
-11267
9991
21616
19878
-29872
12616
-11238
3057
31781
-32003
29901
30897
-29024
-5502
5559
13530
-23424
-1176
-25495
2285
14126
-14816
-31024
-8189
-3303
28192
23812
-29154
17797
4705
8411
-11236
32003
-22456
9715
-7420
-27358
31945
2639
3860
3066
-29963
-31770
17884
-24209
31342
-27453
-22037
-8994
19386
-28011
-21438
26800
-14485
23441
-2204
-18821
31475
-27098
5204
3731
2432
22506
-28496
21284
-20208
26378
1474
-17425
-32436
-21832
-5543
24312
-26389
16924
-24491
-9867
16452
16989
13226
-27121
-14248
-16305
21775
16645
32311
10215
-2437
-20024
5981
-1940
28152
-6417
4088
-4893
-14620
28359
3866
24734
-16518
-10913
-1744
-12790
2890
-21853
-29729
17041
22473
24396
-7495
26590
-23841
-6328
-31314
28720
-27603
19551
-13051
-14976
18369
-22662
9166
225
-12716
21184
26923
25148
-16789
23301
24664
17484
-18671
24482
-20985
-13176
-12129
2599
-23620
-4051
-31385
2718
6796
-6336
-20735
-17518
10122
10797
18700
31778
-9728
4070
30756
6559
9469
-12961
-13925
-1606
11454
8022
-2379
-8897
-3139
-11762
-4243
-25949
-9622
19581
-32695
-2433
-762
-12558
-9878
-16048
-4894
12086
8531
31124
-11493
22544
26241
21275
-31955
12267
-30592
9531
16294
25817
-22313
-3527
-8253
4061
-16012
13416
-26090
25653
18794
15022
-26184
-20374
11370
-24658
9929
659
7305
-3176
-27003
32315
3789
23872
-31246
-1755
5207
-10617
25513
21609
13688
-4044
24143
-32524
18596
-31875
7944
1369
31052
-20837
-28207
14082
-12163
11135
25719
23474
-21862
4058
13075
-3721
-1021
29607
15884
-10558
-445
-10463
7415
-23266
14511
1288
-23664
28807
27212
-18157
31101
-22619
13607
-28447
22537
-23820
-29176
-2979
-9214
-28709
13132
-19917
4713
-27359
900
-17582
-5887
-28340
25349
-21737
-23209
22944
-28237
8660
-5482
8749
-11526
11937
-29494
27754
23046
-23716
22741
-153
19693
16420
15336
-5147
-3602
-10012
31976
-12010
-13169
9983
-16919
-6277
-9168
30348
-10688
10791
27573
-28613
-30659
22904
-5480
-10393
-28
-28196
1838
2598
2696
24323
-3699
15041
20076
-27399
-2669
-32717
23950
30053
26260
-14792
4064
963
6823
-8984
-11990
16781
-1220
3081
19000
25409
-24874
-3137
-9123
-18293
11894
18510
18624
-27422
6092
-28218
14185
2997
19359
4700
31937
23130
19788
28685
5926
5900
-28216
-7509
-218
15201
368
9287
23819
-6354
-21687
-25242
-1890
24487
19441
28450
13346
-7532
11969
-19685
-15772
-10533
-28181
28916
-30711
1765
27032
-6315
1938
18202
31549
5615
17013
-24058
-19686
-15326
37
19056
5570
26425
10327
29479
15012
-912
20555
-14190
-12644
-21573
-28566
-25857
12938
-14526
-5807
22992
918
66
-18794
29125
-26316
-15343
12289
32172
10229
-2555
16728
-12829
-3693
5092
12756
2866
6821
9657
-2701
7386
30429
16504
17946
23034
-30375
-31773
-28488
-6075
-3598
-20661
-13473
10695
31861
7491
16256
-30310
8608
-2888
-6731
-30597
-7236
-31743
-17562
-2511
23274
9889
-24289
-25712
-7123
612
-24739
6463
-21487
30470
18768
-7660
-26745
-8378
-10350
-8775
10484
12551
-25046
24886
-20967
13087
3990
-23421
-21609
12243
-504
-17654
14514
-22228
27065
16751
12539
-10070
19842
-1949
22746
-13960
962
22066
26469
-24432
9124
12840
22998
16116
-21210
22924
24634
4233
-14982
-9168
-9119
20221
4192
310
-19995
-3463
28062
-16386
-23692
-23732
-27632
6248
-29259
20905
-24292
8355
28727
14319
-29172
-13552
-6715
12118
28173
-7785
734
541
-28719
-17690
-9175
8447
8389
-9928
-10548
-21222
-20346
26999
-10683
-6727
-23285
-20357
-1452
-2661
24846
-8891
-9066
30794
-6071
-26769
-13485
3000
27449
-29644
-18978
22593
22424
16969
-28855
11642
9371
-5214
23344
8917
26818
-12543
-4980
-7112
-19640
-24146
27401
-26140
-2203
-1653
-15719
-12090
28903
29644
30598
-26369
11638
5937
9719
-13431
-25385
17091
-11523
-3881
10813
-23793
32054
-30776
-3834
-26147
-1310
-28863
-6346
-9118
7552
-15853
15916
-17595
-16295
-18854
-21833
-13346
2019
-27817
-28790
-12457
-31758
-14136
-16081
1944
-19569
10102
4513
-29681
-5442
24035
566
10782
-22878
21740
28233
32082
8711
8012
12674
-6055
-21448
-8794
-31703
-8406
7145
30725
-28579
10168
11692
-32653
-4001
7861
-13043
-10585
-16359
30886
1146
-19406
-3890
8966
27923
-6774
19485
-23652
-20603
15364
12562
-9932
-30822
-23282
-8742
-8868
30979
-26430
-18919
-12681
24296
-11338
-9320
11086
-10976
-10022
-15990
-24444
14686
15145
17536
-24652
8106
20956
3749
-1463
-26585
23405
11196
3359
19648
1467
-24732
29196
1183
752
-18989
-23188
-25822
32299
-26736
16625
8796
24868
15030
28731
19793
-17338
7972
21141
17232
-11701
-5161
5562
13776
-26192
-7223
5407
-10285
-17997
24284
25336
28631
5866
2789
24568
18263
26884
1613
-31036
-17484
-5226
13513
-31916
13494
2174
-26701
-3743
19525
-27336
3657
-1575
-9016
-9117
-14869
19062
11067
9080
-19319
18570
926
29504
-20816
20372
12295
29963
-27800
23600
-14894
2798
-21975
-14742
30887
-12382
11988
-23987
-26154
-12728
-1754
4899
-1015
-20992
22805
27152
16961
-7212
2139
32498
-15225
5842
-966
-6375
20879
31528
-19674
-16785
11965
-19540
16056
12086
32478
30344
-11238
527
-32195
19202
1344
-15041
7061
32102
-21680
-1170
-1072
14607
-13282
-20311
-9374
2773
-5605
10067
29319
-29323
-13249
-13982
-13966
12990
15016
2196
12493
6736
4196
6237
-30786
-25635
32551
-508
-20061
13586
22621
-2085
16202
-30445
24336
-23243
-12609
13381
-11534
29830
19653
-7469
28734
15981
-8381
23169
27335
-32322
-12280
-14748
3144
-8993
-13724
18540
1158
-27435
27305
13328
31274
-29828
11452
19753
-32467
16890
-31018
-18201
20375
15987
-30252
27101
-24665
21252
2854
-15746
-26757
13993
-22213
-27607
-19679
-14839
28835
-7238
16767
-31534
-7861
1796
17891
10446
31701
-20754
-7576
-7736
-28208
-31355
-25679
-29567
-6081
-16935
18337
-17028
9413
-16434
-7690
17765
-15718
16465
-7311
-6525
25321
25661
-2640
-2113
11639
16107
-16493
9337
6240
28431
-23169
-504
-5200
-17227
-16748
20893
17813
-18489
-30450
-16764
24937
29445
-29128
-20611
6877
-16615
32013
1426
-11311
21253
25684
21655
-23260
-23836
7362
5199
32706
-23615
30236
-20944
-20580
-29834
11799
-28730
-17613
-31296
-9351
5278
24295
-2777
-29828
-6065
5996
-10268
12737
24948
-18986
-30723
1661
17611
1848
-8700
9958
29716
25696
-6499
30900
-32469
-4015
-17849
-4534
6437
-24233
-2938
-25601
9167
-4631
18948
16828
-8629
7701
1946
11878
13639
10760
-18428
-16344
27100
-2170
-20783
21341
29090
16755
1836
-24606
-15896
-29280
4165
24803
24863
24645
-28938
-16984
11110
-11567
-16349
31768
-1980
27741
-7737
-30704
28274
9533
-28715
12467
-22552
30191
9462
-14918
-9089
-14558
-25736
-21810
-25290
-15595
10077
14880
-8696
15744
29085
-10453
6265
-18676
22852
-20028
28823
-29870
7912
-9576
-25842
14844
-25649
-17157
-27270
21085
-24651
-24008
13782
2054
9583
-4691
11108
-1026
-4913
9645
16357
-15981
10401
-7885
4840
-18464
-28148
5874
26674
10392
-11516
-24988
-12529
14313
14930
-12756
-24983
-17956
2033
29968
-16057
20417
8370
6612
30239
13613
-17252
24213
-6569
7790
10495
29513
-16720
-32460
-19086
9912
-7510
-14642
93
14197
-21503
-3495
-3011
21783
30589
-22511
26382
22333
-29555
-29038
-15091
-2197
-16390
28388
-20553
621
16309
-13945
5236
26541
-21609
13183
17462
-10083
-12318
-23680
-10432
-21706
22895
27564
-8079
14871
23878
-18341
-10813
-9225
-7856
3829
-25866
223
-8272
7810
423
22781
32337
-24914
-25377
-10105
32160
-6241
-206
16178
16060
-20213
8389
-9659
-2494
21951
24317
4244
-24982
-32001
-18159
9647
-29601
-28459
-24874
-21915
21966
14795
-24897
29730
25795
-23052
-1372
2697
1483
16296
25971
-14950
-22676
-9635
8835
24631
7000
8169
28791
-24379
-18448
-13348
12622
-7061
-29260
16081
-15947
31518
-30508
30643
25983
-20238
5721
-32361
-30088
-19359
-19321
-21199
-7396
-22505
22255
-30033
-32098
32011
-7635
-9961
-32592
25939
-22908
-17977
-28260
-9865
-30138
30808
-21133
-4143
3182
1955
29576
-24422
26117
6005
28109
25530
15741
-15257
13553
-8689
-7980
12577
-29166
-26690
-15974
9950
-833
31825
26568
12609
-20509
-13586
1370
-25939
-4941
-15616
14034
20844
26993
17854
18063
-16324
22807
18913
-7377
6095
-26961
14768
-10200
16297
-4665
-3568
-3992
-15425
-2071
-25473
12095
-16772
-13617
31519
30115
-32009
25394
-30992
14273
-28923
-21773
-23073
28019
-3163
-23351
3846
-21537
25172
-6494
-11609
25535
-22711
12604
11010
-17063
-3667
29557
13930
14672
-7939
3792
27406
11901
32750
-1974
23631
13179
17056
32552
8667
16370
-25900
30434
-8333
26288
-8995
-1429
-7572
24545
-24911
26848
-6359
-16894
30806
-6517
336
30047
-15287
7849
20756
-30573
21999
9507
12885
-32234
31254
-30007
-2937
-17015
-4627
23957
-9716
-28561
-18628
-28087
32183
-26609
-3804
23218
1393
-31154
-31897
-2090
27852
-27828
26138
26241
-11804
-8911
8086
11517
12459
-9067
32061
-20072
16572
9802
-12976
11528
-7604
625
413
22020
28279
30406
15236
-14969
-32314
-21507
31966
-21833
28283
28018
-32447