0
0
0
0
0
0
0
0
0
0
0
0
0
0
0
0
0
0
0
0
0
0
0
0
0
0
0
0
0
0
0
0
0
0
0
0
0
0
0
0
0
0
0
0
0
0
0
0
-5503
-7800
-525
-9161
22041
2549
-6160
4353
-30084
-30117
-1374
-29423
-7835
-3149
-27107
17319
30257
-7252
16114
25946
28029
-25301
733
26242
-14754
-1168
14447
-4150
934
14064
32519
5584
-4915
32712
-26083
3229
-6650
4955
-20308
20381
7314
9085
7990
9756
6316
-13663
18946
12494
3292
-24418
27958
21552
19361
-28503
-29893
-32007
-7010
-2423
-7497
27086
8538
-8620
-14387
-2781
12305
15611
-24652
20146
7538
223
-26797
-26200
12468
28212
31659
11501
26627
31807
-28343
-19867
-10499
22345
10376
-4110
-20757
-23787
-10071
10280
24450
1730
13362
29918
27509
17673
31418
6712
-20994
-12307
21470
19455
-21311
18392
23997
18795
13956
-10230
-21059
-6160
-27282
-22798
-8162
12005
15558
26710
-23268
-13504
9051
4339
14156
15235
25444
-23326
23830
-29289
31534
3355
-25460
28631
11837
21947
-22144
26521
31836
16880
25307
243
4768
1018
-22849
31371
21550
-20874
-16295
26798
-15509
16481
11828
-27251
14278
4722
-1197
6946
27194
-4582
-21234
-4324
2181
-9167
-17636
-6200
-2736
4912
-23160
19725
-20048
9508
16948
15878
-6928
24678
5765
29187
5346
-8070
-28335
2773
27115
18274
-19298
28644
-28860
-32121
-15708
-24241
28904
4164
2748
18876
9622
23515
14681
15412
-25603
10589
26264
-9276
-9535
-15669
-1865
-9877
3138
-9979
-32026
31824
24587
-25611
-19483
1737
21112
-163
-7054
4122
24851
11282
-15334
-1334
-27788
28422
-28093
22333
-24692
-2379
-18396
19390
6751
26049
-21996
-28745
20738
-15744
7632
16678
-19082
14344
31881
-20694
-9728
31368
9995
21077
-32400
29996
13551
-19864
16163
-29978
24340
-32095
-28980
-7106
15078
22798
5819
17107
9723
1797
24462
-17696
-7096
-6991
24278
-21922
4423
29031
-19398
-31523
9631
-10265
13962
2808
-32483
-20612
21632
-19664
-5133
21699
11757
10181
22973
22913
-17350
-29798
-4493
-10341
866
10614
3884
2589
24769
-24249
3754
-15073
8101
9594
12961
-22714
-14872
21318
-22961
28831
6247
8566
-7526
-20949
26532
-27539
20007
-12253
-18448
14121
29795
-27074
14086
-17529
17684
-19768
5565
-15186
-18141
4427
-6439
-3057
27406
-19073
-23690
12258
31998
5581
31714
-31929
16579
13091
15977
31811
-10943
-4417
30804
-15754
-15441
28121
-11772
18596
2641
-17806
-398
-32158
2164
-5729
-14414
-22956
-19055
-950
10319
-12228
-26668
1552
26908
-32701
-25257
-10362
158
-9517
-17040
-21498
-32244
-652
23301
23225
-14171
-9352
27949
-8762
31239
14496
2686
-3752
10782
23553
-11909
-10299
-16843
-31573
25917
-19325
-17468
-13734
18067
-31075
23459
-27596
16989
8194
-26062
11058
-3635
19628
-12647
980
5155
25058
-14114
-10090
-5560
-3703
9337
8608
-21231
-20632
-25960
22306
-3080
-2376
-20063
-17154
-7582
27165
-10284
32628
30307
20945
16079
-11210
31113
-24546
15324
-26051
-7873
-2336
19383
11061
-25484
6831
7987
-12016
2445
-23808
3553
-10559
-25409
31048
25050
13437
-13818
28528
14995
20812
-23839
-13970
3125
3488
17055
16712
9796
-2006
14775
32680
25700
30810
-12326
-10043
-27559
22021
-28538
29277
9492
21436
6465
-30677
-9637
11601
12460
-6751
1238
-18482
-27003
-21538
10429
-17901
-26386
29719
-6703
14211
667
10861
-28536
-1033
18952
-152
14152
789
-10849
-28380
5281
27564
-15828
-928
-974
12899
-231
-22832
9965
2619
19316
-28481
19914
-12799
11119
-169
-9232
-27170
26478
-18364
3457
-30292
-28661
-3356
28102
8612
15345
-5893
15870
-4029
-9685
-20027
-13968
-9328
21340
27321
-11651
10206
-24365
15608
-23482
23293
8750
-12976
-26716
-3052
-12944
-14112
-12422
24466
8246
-19176
-5137
4708
1733
-29998
-9236
-4386
29959
-1934
-29186
-13560
28099
-1125
17752
11964
10343
4773
9142
-28721
7036
-3214
-11753
-19715
4350
11673
-16728
18614
-31116
-2622
-29606
30709
30435
-13552
23268
-14972
8611
-4745
-13717
7435
-32567
-6768
6582
-25254
3288
-17438
21146
8018
-24769
-7108
25549
16159
-28293
12412
16903
12482
-249
-29389
1232
-23588
32311
10930
7698
20741
20978
-22544
-29642
-25220
26964
13469
17639
-27277
-8282
4522
12066
-2514
5723
2569
-17342
-16903
-17433
26582
24474
-13013
3261
-8431
-20410
-18746
-108
9848
-3900
897
20003
14850
-5686
32353
23210
4419
29778
31487
7017
20182
-6269
15669
11037
10229
-24018
21317
-27060
-32013
29404
20905
24634
22098
10885
-29447
1596
8721
20443
-25219
10572
-2796
8730
-22902
-11037
18333
32330
-29465
32267
32088
19145
-20584
2666
-4897
-26699
4084
2907
-12502
-24900
-11501
3196
15016
17512
-6613
-12058
9669
2273
21773
12402
-21395
-4533
-13779
3329
7011
-25784
-27843
-16652
26398
18573
-4832
10659
454
-17257
-9227
-2842
-26022
-13843
24141
1068
-1635
32278
-32366
-5863
-32555
-29587
-17797
30377
3276
-9691
7037
-17577
-15020
30211
15857
13422
-24980
-25536
21457
-27067
-27233
-156
-25198
-2595
11548
-10292
7980
2919
10390
-20103
-7949
25651
-11635
18920
6123
29708
1852
7037
-11175
16698
-10052
32514
367
563
29421
-954
-23288
-9611
332
28872
-17435
9631
-19198
-17455
-14888
13427
13925
-2419
25097
2565
-21165
12364
27458
5028
-26437
-2254
-18042
-16689
-5670
-27615
14941
-11468
22588
29858
11669
-27740
-5705
-12804
27159
-20992
-641
12894
9074
24920
24599
7304
-29779
10215
20731
21940
-27167
5825
-14637
5605
-11346
17916
-13990
-12012
20246
-24934
23848
-14250
-16568
20866
26321
11531
23715
26516
9833
-9328
2913
-9014
21641
8188
3050
6203
-10065
-5982
18258
-18369
1794
31008
-21326
-25952
-20633
12074
24093
18379
15344
12680
-9688
8265
-13147
-8691
-19154
-8819
6952
1459
-18208
-28888
30592
26691
-22317
-1225
19526
11176
-12372
30960
26344
3596
27421
12206
-28259
-20177
-10651
-27501
14031
5597
22103
-30622
22548
3776
-28450
31072
16833
-5728
-1694
5730
-9488
9120
18717
-14556
-25878
-191
28069
29326
6697
2026
-9705
-14435
-18457
2875
11193
30941
-3458
-6709
-15156
-16844
27058
27210
14658
-9409
-7517
-17966
31785
-21649
-26080
12779
20157
25045
10283
-26456
-18805
13164
19199
14635
-10719
-9095
-2305
-31334
24621
-24273
-3437
23826
-25425
-11393
-11485
21926
17647
-16899
15881
-16330
17717
-1608
18517
3798
9286
-9438
1284
22015
-16921
29584
8546
-26857
29630
-21612
-8965
-2831
14542
30577
-10914
-29186
12394
15391
31678
-26030
-6963
-3324
679
-28020
15401
-28130
1548
17436
-14258
-10137
16453
-29746
8668
-26100
21658
-11653
11719
15352
-29756
-1650
-23814
354
16220
-8049
-8039
1612
-26884
-19218
23400
-20790
18092
3420
15058
-9987
15990
-30817
706
2970
30944
-15462
-25717
20419
17749
-1534
-27674
-20272
-30476
30493
-30535
16330
-29984
-23856
9590
-14896
20929
-22842
-10054
29949
28147
17950
29968
-13934
30806
-25785
-22526
-19321
-2763
15276
-19079
14052
23505
-21804
-27628
4300
7450
-17322
2271
-7522
-15771
12626
-17109
16485
-9003
19454
-15168
29336
14516
19533
-14000
-21586
418
10816
5829
2944
-32721
9070
8326
25756
-3168
-27710
31790
-15082
-30067
1732
17196
18995
6238
31328
-1454
-9266
9629
-21306
8887
-27301
-32043
12781
-32486
6508
-6236
2343
-25804
-12944
24437
5982
17960
-31682
-1600
-32163
13030
-2925
2675
15762
-21428
-32523
22336
-22364
18060
8014
-13277
25128
-6526
-19017
-5100
-15256
-4527
4702
-12381
19930
-15996
-32399
-21084
20923
1449
15165
-13643
32606
22115
1501
7419
6919
15596
6566
14204
23234
8630
16551
347
7125
21472
-6022
-20256
3116
-11337
21304
-7648
-23273
26089
16635
-14354
22870
-24032
26684
2264
-30912
29145
20808
-32176
22140
-12609
-27422
-16728
-11197
-4810
18450
-13929
31836
-19931
-18819
12069
14785
24070
-22847
469
6736
25890
17476
18078
-20524
-3829
27874
22256
-6180
-26547
-29902
-9366
-24998
15778
-1073
-20635
-14542
11797
-15259
-9631
-8171
-20319
17526
-29687
18612
-27707
17821
25095
-25832
16069
-21938
11511
20892
-4347
-9777
-17782
3257
-28961
26261
6561
-16596
-606
6271
-5303
-21947
9162
16296
-22897
4156
17642
-2174
24565
-11406
28720
21846
17586
-30678
18516
-89
-28581
-30917
5555
-11621
-15911
-14768
-28251
2962
12413
-13505
-21474
9297
29115
13254
-13965
-826
10783
-10977
-13674
18026
-8009
-7784
-3940
-29505
6293
26678
28826
30192
-29072
28428
-25067
-9721
-21382
-26124
-10565
20239
-8367
-14074
-20932
29750
-29719
-25212
24362
-13384
258
25255
-4265
16523
7182
21900
-27759
-16692
-6523
-24026
13818
32051
-14435
-15797
6584
1390
21240
24780
-21424
-1832
21330
18317
-15861
11543
-12731
23080
20029
-15220
-8015
-3735
-29127
5285
-31723
-28434
6797
18846
-14623
14958
-4253
-25964
-496
5130
-1850
-6788
-7745
-14722
-26260
13261
-17816
-30306
-2360
-28100
-17844
11785
18958
-16114
-20428
-7894
15188
32372
-25826
32034
-19156
12846
-20798
3649
29961
27370
8265
-1390
27450
30506
18873
-32510
-26480
19352
10468
-19182
-3039
10426
-15139
-17904
19544
20236
-30865
-7890
10409
15297
14617
-13506
-23984
-6077
1834
12735
7983
20293
19299
25474
-26097
-26817
1048
-7962
24485
17546
-26227
58
-28102
961
24294
-30312
9133
-13822
-31521
-9067
13220
-17401
26103
20510
-6599
-9725
-32567
5802
3549
-7895
-19710
6231
16172
-29870
-6753
-3180
-10756
-650
-3548
-19321
24781
30922
25911
-23058
14971
24833
-27083
-1842
-12249
-15830
-3028
21827
30914
268
-14152
-5976
295
28205
31261
17382
-3805
-7269
22170
13755
-9263
28067
-259
-3960
3207
24422
4948
19113
15251
8793
-17433
-4878
2916
-18608
30095
28850
-21920
18426
-30842
-22010
11321
-32154
27177
32539
-246
13750
-23874
9588
13242
7488
32013
23415
30384
6733
21788
21245
-6916
4059
-26789
3873
-13178
-25495
-6302
12996
13406
25274
32044
-27409
-31731
10528
1098
-23186
8659
6970
25902
-2279
-21065
-25515
16412
-10762
19326
-22311
8079
-1239
17663
24008
27390
21173
-28478
-697
28775
16970
-3994
-8223
-6049
20642
-25990
8260
30765
23604
-20676
-25648
-20260
-11539
-8752
-2510
23489
-8781
27662
16975
-11379
-27700
-18800
17518
-25775
14559
-31393
-1907
-14831
29957
-23711
11835
-10752
29867
-1583
-5916
10779
-19258
14107
4755
14255
30073
4418
-22868
-14468
-1801
14096
21149
-6404
-11254
10161
30991
-8167
-15318
23871
-26677
22314
-30336
-5002
-21985
-14404
9167
17145
26412
-10699
-4417
15576
-6621
684
-6730
-3506
20864
13440
30701
18131
-32499
4724
23591
-25365
27463
-9674
13659
-994
31062
-30624
-9678
-871
5754
-31443
28920
-3356
-14313
-10789
-25945
-18225
11850
-32573
10830
-31203
26140
14609
-26144
-30687
6345
29970
27477
-19364
28753
27874
-1429
178
11231
19079
-26511
-4144
21173
8203
-7844
-10653
-22812
20642
18195
-27130
12814
16215
30329
-3629
-5037
14290
5015
28966
18086
3342
-30660
23317
-5983
22231
-27574
-10694
11142
-9515
13045
29639
17254
-2177
2852
-9103
-12237
30069
-26100
-16882
558
-21472
26633
11762
18803
4968
4242
-25543
21473
18108
20326
25399
-6792
-24180
6834
-6453
-12373
9887
-231
-22216
-18362
31079
30636
2027
-22756
-7872
19957
-27588
-10286
15650
-950
-24917
5728
-32218
-32381
26707
-25453
22577
26376
-23657
20233
-8445
-564
-25614
-1051
-29848
21992
30586
6160
-14258
30906
3135
10166
-22829
16715
-22557
-29621
12333
-32448
26677
-29390
17394
-17608
-1542
2
-4506
30757
-29140
-3586
18517
-1950
-22011
2549
-30700
7935
29168
-28910
-30069
25628
26866
5493
5540
26
-23318
11561
294
8590
-15458
5348
11604
18747
12055
11266
-18912
9244
28888
8879
-20286
-8339
10387
-23441
25521
-25802
-373
-19177
-13992
20397
-21521
-31582
-31896
3190
6370
-8044
-2532
10833
4986
-9948
18013
-3233
28517
-5077
-29059
-29091
31723
4220
19348
-12724
-24189
28711
17318
869
-10840
13574
-9307
3821
-3599
-9062
-30486
15842
-9134
2439
8708
27950
9346
28245
-2843
-13727
320
28842
27342
18983
-8591
26394
-1749
-26413
24645
18465
1557
8166
-27123
-19953
24287
-5116
-23214
11358
437
22867
11761
9541
-15041
-13261
-19539
3145
18596
18154
-25206
17105
23253
31442
-24868
-24101
-2604
20590
9714
-17385
29583
-13356
-5335
-674
22191
27752
-32694
3134
-28623
-15789
-18462
-27215
26893
-19927
-27080
-26277
-27462
24234
-25315
-7585
-16475
25378
24808
-13326
13484
-4340
-1607
16618
16328
-26730
-944
24665
-17247
-29510
-6526
17132
-1476
-11664
-2753
-2045
-5416
-11377
-21883
29381
-6897
-31344
-974
21755
1978
-160
25441
-4434
32005
-31802
-3964
10639
32093
18903
25820
-1020
7749
8561
3398
-6505
1765
-21828
6906
-24153
10787
-1706
-21792
10012
24791
29271
280
-30218
23405
2371
29083
-31547
30873
-25647
-18772
2016
19265
678
28645
-5068
-28516
-6498
-5138
13171
-26124
-13820
32064
-26783
23087
-3426
-5879
-11429
2062
-960
-31814
-22216
-7609
7966
30619
41
-11296
-419
-22169
23016
2649
-26767
15292
17143
11086
-1614
17274
10976
-774
23198
-25768
18595
-28421
21938
1920
12953
-11040
-8023
-11778
-8961
4899
26468
-3082
-9796
-26673
26318
-30446
11389
-26594
29124
-27730
-7051
-21814
22412
29709
-20104
25114
18784
14434
1892
-16040
-8434
7758
16757
12033
32621
-2209
12474
-7542
-31437
2086
31068
-10903
28196
12349
2714
-6407
-10040
8120
13662
8426
14927
5776
-11096
1978
10209
32338
-24976
9616
-28882
-32503
4382
23692
16159
269
-10373
2653
30733
-20566
-12387
-19896
-7560
11570
20465
12891
14534
-24240
14925
30187
-19888
-28876
17154
-22664
15901
30841
-4378
-5110
24530
-19214
-11741
-20376
-30484
-20093
4671
-19393
16791
16450
29690
3559
8302
-25944
-272
32536
19694
3087
-1781
-7552
-18504
21558
30802
27827
-6368
12149
-16433
18177
27779
-3797
-20057
-10474
-8060
-58
10803
29510
-27686
-2831
15419
-28713
30488
-29833
13540
22662
1654
-1441
-27083
30611
-31471
3944
-23663
31878
24956
-7371
-30141
-31838
18391
-21729
-7728
-6945
15355
-15543
-17594
-11562
-17311
7045
-6286
-20514
8262
-21475
2696
16403
13279
4779
-13713
-25440
-21276
3482
9390
-6766
-8452
63
-7008
32142
1862
11148
30902
26178
-6895
-7691
31130
-8957
18948
-1468
27972
32231
-24249
21253
10935
-6700
-4604
30159
-28034
4281
-15055
-11393
-21502
2319
14095
10057
17921
-20715
31892
-8911
-5869
-13128
22476
-29552
-10994
-5997
32621
3467
12241
29911
-1669
-1132
-21247
-2714
-21030
21192
-31336
28639
4086
-27080
21978
14190
-1996
1024
19416
1163
-5353
14779
27596
18746
27684
5441
-18535
-31808
-6874
6847
4436
3082
-30555
31599
-6877
22248
-11011
-11497
-2454
15435
-6217
-2261
7467
-32208
13430
-16330
-21756
25695
8973
-27413
3680
-1557
27227
-24145
-5531
-15447
18922
-741
-30858
-10166
5974
23443
-15557
9539
-11039
25300
32756
-8178
-8087
-2212
5263
-4732
-13538
-15390
26532
4531
-29868
-19539
2273
30296
-25551
-29635
22058
-21161
24328
-18589
20573
15112
-21551
-24182
202
23903
-4810
4181
21371
-29207
-25829
-16047
2615
14504
-30386
-132
-22466
11761
2653
3558
28931
17673
-13254
28472
-24360
-32630
-25304
-13695
7785
29373
1865
-28857
-22126
17869
31130
1998
-28128
-21087
6910
-5615
-6424
16243
9293
-4124
6725
8187
-4752
-32249
25531
-8139
29413
20057
-29449
30783
-24512
-3546
4971
-21649
-26708
5421
5512
-29314
30512
2839
536
-5805
10420
22814
21976
-12873
-6294
-12927
4416
26738
-17949
-20940
-22878
-16201
31806
-8181
-13386
11280
18175
-12100
32415
13536
-10846
23432
-30721
-13757
30471
495
-3499
-21816
-16730
25599
-7063
5749
-17400
17389
15016
-16001
-26082
-30884
21798
-25735
-13791
-18601
-22498
16336
21785
-12905
-12971
-17147
20805
-19446
871
-8629
13072
-30350
20475
-3841
24714
-16424
-16078
-19982
29282
-5769
30056
5392
-23296
-10359
28569
-30370
-10578
-25628
5167
-1242
30729
5191
-3901
12391
-10208
2543
-14069
-16390
-4753
-27408
19504
-8030
19430
-29894
-24458
-26737
30546
-6901
-21378
-28781
15503
29764
-7609
-18327
-21897
26549
-15175
24313
7490
-15256
-752
-12182
-8082
-29121
-14644
18535
26686
19215
12852
-116
-4783
7963
-9370
25557
-31920
8909
8355
643
31763
3804
20258
8835
-19363
23507
-22572
4063
-26526
-4494
6259
32585
17806
-15213
-24160
1895
-1889
-9227
9010
-17573
25121
16360
-10037
29415
5420
1652
-4074
633
1000
-12607
15690
-6514
-3075
2407
10584
1584
-25634
29758
11766
29148
-19862
-23417
-30027
21500
14004
-30337
-3315
-16164
8775
11040
-26119
-14176
12569
-27495
-7897
6152
-28827
-26084
32749
-18078
-32158
2732
24269
-6483
-19683
2549
17526
13915
-4716
-30523
-2415
20665
32430
-29954
32707
7057
-23304
-5764
30105
17606
-31094
29013
-1644
-30100
-23021
-24606
23255
32161
-18967
31439
22440
15551
32646
-24160
16544
-17385
-18338
-11580
29886
-26375
30796
1741
4370
27519
28861
19588
-1705
14967
14504
3550
5509
-25277
20425
-5123
-27407
-22886
5905
-22070
-2765
14620
-21138
13870
8585
-16419
7398
-16779
12946
23632
5069
-21394
20879
20287
19008
18393
723
-15594
-15735
31022
28304
-22839
-22932
554
-19988
-21543
23598
-26341
-2494
20877
-25116
-23367
-16119
-19313
-26084
-11634
7461
-23566
32224
-29644
6368
-4718
19777
11040
29294
10918
-9347
-2503
-18492
-7067
22034
5521
14592
-30102
23366
-31067
-25639
-8117
15680
32325
-1192
-3444
28720
-20071
-2081
-30942
-6007
-7897
20119
-5834
-3808
-30895
31135
16301
-15421
28080
10541
-14048
9385
26844
1057
-20807
-32169
-29450
21439
-29732
22126
-2660
-12714
19921
22468
28335
-8520
6219
18329
4448
-29920
666
-25098
8009
10258
-15589
-20954
-29599
21835
-7566
-5997
6705
-15328
-15014
-16796
-30627
-12670
12790
-5307
-10306
25663
21406
9164
24652
-32345
4678
-9587
-17837
6482
-9371
-7613
-3631
-7776
-1420
7332
25159
-19846
12990
28916
-16275
6270
-16733
10562
-10717
30499
-6459
24376
19557
29684
-17630
3534
-30918
6031
-6055
20948
-1408
13596
18743
-8321
-13618
12310
-3802
28124
-6609
-14320
3981
31657
9231
-12704
12875
5530
4536
25027
13194
-11955
-3537
-19778
2170
2586
28432
19329
-31870
18817
-9570
13289
14694
17138
-6473
28942
-7358
-31735
-3851
18933
22666
-6571
-5425
-16421
19650
8263
8849
-25252
29950
21456
-16849
-32016
12779
-21096
-29461
14484
-20639
12472
23894
-6893
17510
-7921
28215
-27124
-5990
16180
-11740
30992
29403
-22744
7683
23331
16149
5940
-2264
-12158
4941
-12000
-21730
21070
17048
10556
25221
-9301
14426
21900
16868
5886
4308
9481
-7519
12461
12548
-13299
32674
-6615
-4748
22086
-5447
-15648
-23745
27185
2258
6716
-31764
-30878
13999
32028
-10740
3336
-22661
-4431
-28524
-23740
20225
-17207
28453
-18862
-10455
-19423
3206
12697
-4966
-15216
-3142
7222
-29954
6746
17702
-10278
6522
-32059
18254
16285
-25160
12228
-7454
-26768
13462
13060
26487
-22836
15343
12490
-26549
-31708
17448
-29167
31403
-24096
1538
-21382
26416
21276
-13873
-14338
-12935
-326
8245
22807
-8832
-26482
-23354
9936
-31615
32298
-28991
13149
15677
12383
-16155
4616
-15741
-20666
-32152
-16399
28685
-16914
10578
7726
-26098
-22154
-1582
31259
-24936
-15499
17482
15967
18225
-32019
32175
6561
-14696
19890
-7229
7179
11986
-3508
9678
-6725
-30680
30086
20238
11788
1721
15413
32392
22665
-29524
10098
-27197
15576
-15739
-29086
28220
-12162
24400
14431
5040
2761
12172
-14443
-10850
-13249
25898
2234
-32273
24599
-27137
-15434
-17692
-17218
-32424
15682
14764
21010
-15561
27539
-14946
-27427
-198
-16824
12803
-30554
32727
-10620
-16605
4387
3079
16003
17433
8699
-24622
-22936
24537
-26527
-13722
-28908
7318
24791
14049
-12470
15873
7137
-7011
-14420
-11975
17299
31576
-16830
28588
28035
-20465
5566
-5231
5220
2245
8482
14767
16637
25414
15233
-11292
16437
-1266
5138
15214
-21924
28957
-18460
-29605
-24387
32353
-10752
-6386
13901
32258
17770
-27760
-9253
-31961
22154
-18754
16367
-25240
-17574
-22868
-24643
-922
-4099
-12737
29684
15378
-24780
-950
30844
26012
2334
-10837
7310
-15047
-2918
-2314
-26896
17787
-9718
25708
-4657
-22991
6893
-23400
-19948
-12239
-22506
-27855
28336
16505
18476
13495
188
-7238
-1631
-31852
18756
-3447
10649
3561
5228
-14904
18938
26644
7283
2550
-16256
-16798
-578
-18282
25293
-30252
9303
-5588
22874
-22051
239
5864
-1893
-3326
-8357
-8192
4896
15020
-8791
9312
-23422
6264
-4649
-27375
-29813
-17380
-1924
24594
-12263
547
28594
-30478
-21052
-20561
19026
-20114
-27068
-24582
-12507
-5913
14543
-18349
-31241
8025
-20539
-10873
31029
-30463
-21160
15036
-20563
-11249
28160
29885
-16295
30293
-6431
-31532
-1388
20424
9091
25787
-22060
553
15192
-14073
23410
-29683
-680
-17550
-17054
31244
31642
17030
-27209
1108
17151
-712
-31685
-23203
4942
-26183
-26037
21429
14656
17685
8847
-3257
27538
30825
-6670
-15721
-12387
-30879
18814
1287
20186
-18646
-345
-19583
7102
31412
-17757
9446
22418
1289
-5068
14024
-8340
-19859
-4141
-16941
26880
-11113
6297
24948
-4284
-27528
-1715
-26439
4267
26104
25254
-23793
21510
19130
26522
-7797
-9504
-31974
-10282
24022
-1617
13654
7993
7022
-15343
-11586
23778
-16118
-7483
31060
-29366
-2388
-20922
-875
1171
10827
21442
10538
-32456
14189
-13291
-9880
6724
-24825
-12965
-1855
14551
2610
-16270
-19800
-22081
31741
-14602
15961
-1896
16293
10859
-16984
14488
25323
-6082
17201
4975
-8905
16926
30437
26060
8046
26696
25615
2230
23777
9330
-13032
-16481
-15298
-16124
2204
27354
-30878
-14156
-8323
-4704
-7041
-29632
23652
11373
-3776
-28255
18758
-23316
30766
-22167
-15724
-9699
-27929
-15200
-11089
5244
11495
-23476
-7171
-6824
17785
-13969
-20988
16865
-10456
-11425
2255
-10029
18390
-32336
-13995
-7918
590
6440
-13480
10215
20129
32125
-32237
-3122
-27885
-2490
2126
-21638
-24381
3334
-15862
30694
24416
-24019
-27202
-11909
19020
25391
19500
27368
-15779
-2091
-16728
8514
-30344
-12114
-3600
1815
26057
7976
-22259
-30383
-27035
31642
16518
22374
-32362
-15953
-18884
24627
-10447
-7080
-24663
30280
-8267
-23600
-29092
11021
-26591
-24608
1519
-30167
13790
-22967
25160
11966
-19856
10004
17491
-22076
-2359
6526
12849
13167
-16307
3508
-10855
26386
-23376
-25836
-19194
13648
-7500
-21496
19774
12302
-22464
-12918
472
-13972
-28668
-2426
6541
-13607
-8078
-15867
9050
30117
-11226
3896
3347
-3402
-16405
-30526
-32029
14772
23998
29032
18347
1517
-20897
9148
-31317
2667
10518
-18342
-2466
-22673
-13608
5496
-13154
-14745
-14441
-23120
-20607
-18242
-2547
10331
7613
30473
1309
-658
3367
-5715
-28786
-113
-19264
-3386
15414
18960
-14204
31855
2790
-8843
16803
6189
-29802
9082
-1140
-20201
21998
-9800
-5686
-31015
-23123
20436
-11993
4423
3801
-30771
19547
23148
30786
9342
16327
-8596
7774
-30435
-24431
845
-26968
9427
-31099
-20799
1201
-5588
-3839
-5864
-6865
-30640
8119
29762
-23992
3412
-24824
-6394
29423
-2899
12980
-31314
27192
-10014
-7946
-8138
-28637
-23136
-17825
-14362
5724
-30337
15209
16338
-12353
-15937
-25976
-16059
16552
-3252
-7056
-21270
-23298
-26906
9489
28663
-18180
27996
-17318
-6390
21361
-1712
-5497
31053
9414
6183
5237
-14338
20151
-23900
24020
15524
22353
-10433
11867
-23799
30227
17824
5660
17680
-28112
21832
30215
21717
3935
18522
-9001
23672
-7100
8659
-2895
-30951
6371
2725
-18407
8214
-12934
5319
26555
-15971
-8969
29618
-28486
32314
-31055
15651
5881
-18899
23071
10067
10004
-12006
24436
-7094
-14608
-8482
-6335
-23534
-6366
-29913
10756
30606
-19714
31216
-28333
-18630
-23663
-29343
10139
-23017
6793
1989
-3847
10822
14681
-7721
9278
3229
23785
1160
60
-3204
-24779
11769
-17494
22166
8625
24089
-15220
13472
-7879
1383
12881
-22603
-27891
22395
-27497
-1303
23882
11910
-24597
3545
-25304
23799
-4937
6900
32401
-2583
-22461
2218
-6926
9416
12786
-15185
2485
-29965
-31282
-12224
-31494
30364
29835
-31030
12930
-17020
26642
-24247
3337
27073
-32099
-1670
30666
5367
-18063
-16771
-3427
-25919
1975
-22794
1543
-23153
-10482
26757
-8113
-8302
3520
-14023
-15915
-12034
3987
-19430
-5289
-16764
14789
-16164
25339
15866
-28321
-13702
18249
19118
-5319
7153
-15093
10390
20066
16716
32622
-15192
30532
-29178
435
-9537
31152
27405
-17939
31779
-18398
-19784
-17582
7893
-1081
-31684
-26413
-11176
-7016
11332
-13747
13663
11933
23764
-19915
31043
16244
21228
-27697
-16724
3599
-9415
32633
-23700
-4498
-13388
-8279
15138
-29331
-5195
14535
30583
-16396
-15923
-12601
25942
338
21874
11722
-17515
32637
6604
-10730
23869
-7064
-5021
-27220
-22794
-1119
-17466
-14906
-20765
24781
29842
-18836
28408
9803
6844
16938
12180
12693
-29454
20038
32308
25575
-2873
-31557
-20791
-4695
-26405
17284
24304
27998
22154
6276
24842
-15335
-471
2985
6857
-10840
30672
24352
961
-988
-18755
-25432
-20013
-19638
19562
-25551
12460
-2449
-16599
-12790
20878
4771
7805
-2315
3668
10984
-3621
-13462
-13282
5514
23242
15654
-24986
-14194
12573
11003
-8583
-12519
-27170
-14002
25443
-7439
-8354
-13497
8931
27100
-5942
26403
-4024
21026
32278
18770
-14335
-2583
5730
29358
24575
16726
28181
22918
-24672
29307
16264
-17538
30661
2979
-8869
6673
-28167
-13880
-24018
23079
-30522
13251
-23090
-27406
-30803
-18921
-12620
-22367
13080
17965
-29422
18244
23802
-8102
-6991
-31342
-6311
4166
-16535
-28650
-5066
16410
-25184
-28606
15393
30029
9871
-19738
24861
-19296
40
3057
8262
-28161
-15355
11391
-4939
-5701
8524
-22986
7531
10152
-31970
-19538
-9646
-14942
2903
-31658
15498
-13321
-28699
12771
32221
-32455
-678
-17832
13003
24350
-16540
31758
7697
-10813
-10368
-32207
-32575
31905
-11158
29793
9847
19667
-8852
-23900
-18433
-28123
-9573
16821
-9133
-4445
26593
-18420
25813
-32428
269
4485
-210
-11939
6292
19699
9399
-32460
23268
736
-19326
-3494
15335
10611
-14427
14915
864
24411
23925
31634
-3454
23358
-16293
20039
-21333
5107
3303
-25148
8039
-15795
31996
189
-14312
26542
-19397
-25117
26836
24905
-11293
21810
8556
-30183
18317
-1794
17344
11784
-571
26854
8570
-3741
25060
-27961
14736
-8699
11323
10511
-14154
31817
4348
-19139
-18323
-6868
18730
-13745
13216
23357
-25801
-9971
-9316
5012
3003
30111
3902
-20063
32228
-14001
-22722
-13831
12012
-32638
11132
-14779
2996
-8056
28076
3603
2896
-19047
-17394
-25087
-21152
-21832
-8377
-18329
-2976
29508
7667
-15439
-21873
12788
3818
7530
25016
-22356
-12606
-31254
-27916
30382
6233
3057
-16076
6388
8176
-31069
-8874
-16946
-23024
-32742
-26056
-3935
-28866
13132
-1060
-11182
-8789
15733
20948
12985
-17973
17110
-18198
-20135
17496
-23812
1821
21246
1466
27532
-25220
-31600
-15035
-5507
31722
-6083
21174
32205
-12087
-21359
-23324
6603
14850
23055
21458
-19119
-8223
31040
23677
8775
-9497
21617
29094
-30621
-1818
-10398
-21702
352
2336
-24336
-22722
-4002
14486
-15313
12365
21349
-30323
-12202
15528
-18757
18872
-20830
-21820
-29647
-3566
18942
14886
18224
4661
-16254
-32543
3260
-25211
-31059
18145
19156
24186
11832
-32708
25730
-27087
17121
-85
18606
13432
3497
-13051
489
-16223
-13654
-21909
31069
-9411
22678
-15118
-11283
-16789
3381
-5495
-13997
-18025
12734
2929
-29143
-23313
-29448
-28552
14660
6928
24480
28344
28404
-32133
-431
-30587
-10127
1006
23047
-19442
23312
-14979
4628
-31907
-23645
12698
4932
19824
4993
-17042
15596
8028
-16791
30923
13777
-16319
-27931
1111
-2538
26607
30504
-18269
23847
23928
-2067
3679
-14561
13451
23368
-23436
12856
26040
-7232
-21575
15336
-12402
-30229
-4290
-32719
-22104
4289
-10075
-12821
10027
31655
7209
6639
-2167
-13470
18839
-12715
23569
19241
24714
-26045
13214
19301
-10360
1125
8599
10080
-4269
-18821
-26035
-4677
-12117
2114
32750
6468
-21973
30034
-4980
-20864
29206
17933
-16241
9204
4187
-24276
-18305
5942
-22862
-27302
-13716
29199
-887
-6967
18460
18745
-29605
30957
-24674
30662
22147
12206
-30446
28479
-29158
10739
-15413
20802
-10235
9085
2278
31839
25219
11909
-4243
-27652
-1361
23456
-22950
26311
-11251
-11606
32715
29336
16363
-31090
1656
-19858
22005
21696
-2389
11884
-24616
-32447
-13273
-6901
16520
-29367
-8223
6679
-4349
11713
15858
-23079
8689
20620
-7397
-4598
-4273
7652
29114
24904
-18531
10156
-25330
-4501
-9358
26774
-22570
21906
15182
-24098
-16042
-32244
-16063
-25826
-25826
-3871
-21840
-6397
-10221
18139
18808
-25870
-29630
10272
3145
-22572
25311
-24081
633
5718
2429
17482
23444
-29942
-31271
6083
-8005
-16052
-32528
-21150
-28183
27218
2913
-391
-13431
16355
26880
29343
-7652
12469
-11629
2919
-3990
-26
-21544
-22676
1942
-16423
30569
8203
30615
-4580
-24810
-16946
-31224
17235
1772
6440
-22918
-12464
16848
-21472
-15708
16799
-24586
-12549
-17790
-13546
7674
-21693
4805
-13958
31157
-18392
-11741
-6500
-6866
-31900
-4105
20098
29889
21073
6074
12890
-28651
-12506
18610
21298
10551
-15675
11826
32159
-29486
-17511
-6353
-19016
-3704
-25466
-13461
-4622
-10261
15266
-24714
-109
10293
-15891
23014
15919
-25408
-4870
-21449
-25382
7459
12559
24731
-1481
15977
-9962
-32112
31823
3920
-4371
-31392
145
-24868
-21263
-26037
18124
31203
-11155
24042
5971
17166
29355
10561
23194
-21645
20306
-1254
-75
-22442
5514
23018
15790
-9353
-5654
-27422
-5182
-665
-2561
20850
-8884
28354
28284
-14184
-11140
-21642
15897
-9279
-22222
25861
-29668
-9030
-21528
10931
27870
-32388
-11171
23274
-372
10155
-27129
27538
-24992
-14310
27443
-27472
15779
-870
-25010
-12235
29253
24421
19184
-8724
-22202
12165
3733
-14648
-21845
31113
5367
-29625
15173
9865
12144
-5300
-10075
-3055
-9936
7909
-13201
15492
8804
-28172
21352
-127
-17173
-8766
-7215
-20642
20791
11524
32194
28242
26225
-32259
-20748
4131
-7949
4090
29661
-28875
8369
-22951
10232
20404
7516
-18389
-12767
28335
11454
18811
-4742
-19950
-14214
24330
4733
-1956
18989
-19716
417
20514
9787
6378
1623
-2362
3290
26187
-24620
-2331
-31794
-30334
-8529
7443
-29846
-14701
-21477
-4393
17712
-24246
-615
-9597
-12889
23872
-4199
32298
-3121
-14394
4941
24693
-1746
22240
-24602
-28138
10651
-6569
30635
19114
-2887
-14687
1916
-27084
7946
31148
8123
30086
84
22399
4083
14943
15116
-9271
-13659
18349
-26288
13938
-26572
-10580
32501
-13110
-4961
28908
7102
-4667
-2698
-10893
22535
2473
11038
-17207
24845
-5790
8418
-25951
3340
-27602
-8837
-12285
3978
-7231
568
19577
28082
30906
24276
11360
133
9437
-28552
-31454
18460
29670
32247
-870
29918
6458
27611
12368
-2787
26890
-7077
-3571
26514
908
12356
-7171
11547
7364
5461
-30689
-9513
-31996
-21451
-16383
3215
19530
-8249
28631
-22684
-12843
-751
-31244
-2518
-7968
-23033
-20150
-127
-26861
10375
-21553
30541
2431
-24986
32273
19361
19131
-15649
18870
32212
31664
-6954
-11462
-26995
668
14932
4277
7574
-8606
-13422
-15622
-32037
31972
20061
-15176
-11487
16894
31383
-25843
-30708
30326
18103
28374
21853
4927
28469
22975
-31293
-15306
-4470
-26221
10293
-4864
-24537
-8291
-4470
16008
24325
-10886
-31168
-6374
10621
8590
-19487
-19944
6754
3517
3151
16424
-22793
23727
-13123
19863
17315
-6690
6992
20730
-23608
-22108
-16809
22337
7511
-6011
7369
-30908
-11399
30510
-15822
26613
-2180
1451
-21011
1920
18509
-1953
-23464
-30132
-1635
11355
-13010
21564
5484
688
-31942
29781
-22802
8111
23381
19440
-26440
13725
-11178
8640
-28891
772
-15897
-6964
32716
29527
-15857
-32537
-9680
-22180
-29142
28208
28177
14224
22987
-19647
8484
24002
-11267
15662
7882
11803
26855
32251
6196
18548
-11521
72
-2996
26388
-29116
-30622
-7538
-7147
22692
30790
7239
32077
-25000
-695
29923
19553
24374
-16488
28384
-22320
10569
30130
5620
-8794
6999
-2386
-22612
-2832
11695
-26231
-4763
3650
-9013
11935
-29518
-4037
-10029
29187
8640
28232
-15571
15616
-9681
13757
-9228
-1821
30500
9134
23814
13019
25267
11097
-3995
-31200
-15611
32460
-19400
-23080
-29950
32455
25387
31334
26241
4956
-740
9265
-25501
-29067
-23881
-14753
-20777
-3930
25954
-29214
-32636
5878
30443
5337
2598
2230
10602
-7999
-19443
-20
9734
30540
-13522
-3123
14275
17272
-15814
27601
28340
27458
-11616
25259
27753
24210
-14301
-2521
-29190
12040
25394
30176
-1660
-4512
-6822
26961
-30011
-26438
-20252
-22316
4523
-5527
-17156
-22138
-7936
29140
-19177
-13984
19696
19774
17350
19204
14256
-15695
14921
881
-8350
7697
-20396
-25004
29560
-16418
-5267
7545
21786
-6456
-28277
-15303
20707
-21298
20519
-10246
-29719
30106
9758
-9913
-14204
18909
-19371
-21207
-18324
-518
-6904
31131
-23923
23828
24903
-29718
-20042
-15847
12487
3721
18630
-16549
-12515
-1268
31915
2146
28764
12961
23200
31539
-28839
4201
6637
27859
28183
-882
539
-14573
28588
16472
-5117
32260
-16305
30009
-25683
5966
-6488
20109
-3906
21328
11822
-2863
-13684
-880
11969
-22208
-25011
21048
16787
-6908
28011
23786
32389
25813
1708
-1331
27057
16662
-16948
-27710
18075
-6455
-28574
-26880
-7833
17349
29187
3238
-7935
-20123
-10268
-27584
18896
-12156
28195
-26470
-10285
1160
879
11342
-17130
-25776
-1947
-24472
-30050
2535
-9934
27473
-26719
-24335
-3605
32697
2786
27584
8047
6482
1592
-30368
-19146
3932
-13698
27759
-13266
-5351
-24086
-18466
-28450
-30352
13766
-7106
5694
25698
-15303
15113
32587
21065
-7626
-32554
8781
-15431
-24708
-5876
15952
12558
3891
-32689
12807
22396
24481
17677
31981
16890
-6595
-6277
-11295
14467
-6079
1872
30516
-30875
29309
-27149
20157
21254
23100
11947
-597
14691
21801
-3410
-22595
12683
15225
9271
13148
-4077
-2774
24436
-26052
21610
12075
-1408
17626
5322
7619
-18573
-5965
-9103
-30428
-13112
21859
13872
-6316
28129
-12443
-7404
26292
-29728
-8903
-25312
13392
-13048
-20755
3785
9872
27526
11969
-15786
-31277
9729
-17720
8052
22025
21532
-14820
-24358
-21139
15598
-12501
21360
-21216
15455
7252
-6124
13939
-20010
-5029
29976
-27428
-31939
8039
-6708
16633
-31879
12135
-14093
6120
12560
10259
-10665
-11706
-21876
-16176
-14132
25244
-19819
17389
-6443
-17465
-14279
-9047
-30641
-19203
12233
-27011
-8797
24371
12929
5700
-23996
-12282
-7223
-11681
-14989
-19159
16
31084
-19973
19988
-24081
23929
-21152
-22881
-4316
24530
-25426
-291
-7557
9879
1325
-20372
20961
-15515
5281
24949
-18655
-27509
-2535
7963
5127
6210
204
26723
-27043
-24303
17419
32601
-28784
-6402
-20381
-30772
32395
19635
24639
4005
-17907
-32018
-29246
5089
2438
16614
-8807
-29996
15017
14453
-6961
8660
13765
-16834
16081
6229
-11843
18668
21128
11368
13823
-22037
-19663
-706
1411
30416
-28385
-30432
-3369
23473
23029
3452
10475
10456
2340
24591
-22989
-25991
14368
-11894
-5494
9104
-24440
-25147
-32309
28540
-18561
-24173
-11582
30689
-12944
900
12993
-19984
-22247
18619
32315
2353
-1043
-32667
-19037
-18475
9002
-25846
15624
17266
8446
-25860
2021
-28011
-19573
11480
13005
6313
12796
7748
11088
13677
29530
-5262
10137
25439
-2804
7790
3477
-30297
16617
31576
-8210
19103
-10247
-4107
-29054
2238
-25884
21939
25167
-15028
10884
-1705
19789
28984
-22390
18680
18130
14796
1476
19026
-23046
-27779
703
-28858
-23251
-30612
-4264
-25047
11369
7016
11203
-20421
28623
-3224
17582
-13067
24174
18733
-19464
-6865
-32652
11467
8576
-24989
7659
-2370
-5169
-23277
-28181
-17176
-31746
-11984
-27857
-32715
665
28099
25699
22783
22110
27909
-25868
16841
-16548
-21399
4924
-14361
21138
20524
-27811
18416
22186
-19657
21096
-13903
-14918
-25923
-6879
15494
-28764
23388
15834
-15895
-26150
9336
4726
20030
-11665
9048
-17528
25023
-29988
22483
22326
9114
4783
-27412
-25138
2340
13043
-21884
9393
-6956
25365
7469
19859
12267
-28518
27257
17613
-14283
30203
30332
29874
-30944
-28987
32522
26519
531
-14440
15307
8897
12396
-13270
32353
-5190
-26054
20433
-19627
-16216
28074
20544
-1964
27370
-947
-15074
30243
-1767
-25613
23974
10929
4523
29668
17368
-21933
-31954
30647
-16355
10579
-12465
-32599
-16828
1949
6144
-7372
-26772
-20284
1771
-11618
25252
11341
-30156
-13094
6396
24811
3760
32615
3114
-3092
27173
-23407
22642
6380
-28922
-21336
14766
14106
16503
-11711
-17870
-2358
28416
-3427
23694
8310
-1343
-9433
18042
1461
6977
-17216
-18248
-16037
-24892
10178
-1484
-26794
6844
-9993
-8626
12077
28863
8071
9738
4752
-5399
19246
-18602
-11265
13310
30610
29840
6893
-1167
4333
25346
18146
13129
14063
-24770
-10041
-1120
-27216
-17632
-24351
-22861
-13831
-1914
799
20153
31866
-8537
562
-19135
-16931
-10570
-22091
-30700
10293
29091
7108
3713
-28635
12913
11083
-11085
-14719
2831
9060
25600
-11517
-7666
5018
-31130
4779
-29834
-25555
10910
-18954
6647
-14844
12523
20395
-2838
-8960
-16705
-15276
-26300
5805
21783
13344
16689
2891
15144
10361
-938
-4413
-3812
-16637
20698
-2491
-5996
-6425
2730
-13553
26496
20605
-10389
7484
32349
-8679
-6929
2846
22970
7255
13808
29163
24727
-9643
25402
20862
-14571
16475
-5529
-16193
8471
25864
-11143
7473
26544
3675
9054
-8048
-12580
14768
9968
1465
-18446
8519
10994
-25004
4895
-23613
-16841
-8106
20652
-30684
-3368
-9145
-31518
-26407
12654
-30500
-26503
-30177
8449
9253
24303
25768
25752
28216
31983
-28537
-17758
-2165
-18532
31776
3714
-19316
-1108
21364
18300
-24636
-1483
14270
-13895
7086
30358
22677
-31009
-9991
-25055
-7161
-27070
-4121
20043
14511
3496
21830
18892
15406
-3581
5817
-21471
17377
7413
-17150
31022
8099
-5534
28353
20156
-11517
-10690
1596
-26953
-29340
10097
-16209
-7462
-16025
-6157
27386
15181
11050
-26898
30124
15691
-22043
-14719
-3347
-333
10257
-2552
-13378
25182
-30187
30386
-23778
-4823
21491
9922
-27479
-9631
-11552
3432
-28216
28828
12929
32390
11975
-9582
11021
-7516
-26004
-15993
-11282
-22346
24939
4223
-25929
-16760
15170
-29322
-12372
32090
-15604
28274
23329
3622
19427
-16435
17002
-7990
-18674
-10307
7714
18486
-11283
-29151
-354
2915
-18608
-9318
-24399
-204
-21202
-27532
-30538
-23596
-16678
-31958
5767
-24590
-18782
-10991
-27959
-12305
22835
-8336
23020
31329
23088
14514
-9427
-13596
15271
25377
-26131
-11126
21062
10676
26640
26304
29564
-7565
-8556
5194
25843
32356
22788
-15086
-28849
-24255
9203
-8669
29977
14690
-16686
-22327
27539
22608
7527
-21151
-15920
7455
-8691
32518
9532
19204
27497
4388
-27543
-4287
10575
22064
-1126
23862
3594
-15892
-6025
19291
21359
4734
-22529
-30613
-17553
-26274
-17041
-23730
-30999
-8795
13837
-16712
-20088
9284
2705
23027
-5853
18644
14905
3358
-25663
-25497
-7921
-4495
26099
23274
-15355
-17785
-21405
-1534
-21183
1406
-29592
-20476
27668
2628
23587
20496
-25608
-32741
8088
24308
23429
9419
-21971
11794
-26848
-7502
3460
25912
11317
2831
13255
-2928
20245
17257
25827
22848
1219
-32561
-24385
-6167
19340
-25010
-5375
8738
-1033
-25693
15907
-6531
9388
-25903
14018
-1248
-10113
20715
27743
-1747
-7494
20272
28886
27566
-2785
-25524
10030
-429
20192
7763
-25992
19264
24877
-16020
-2534
28230
-7186
6826
-8302
-32158
12338
13179
-9478
-18951
-24203
10723
-30005
18066
-5385
28780
23789
22381
-28925
-2970
26412
7226
22978
-2768
12345
-29323
29111
3581
-10376
-22751
21997
12326
-149
8511
-16595
-15018
12733
-12442
24983
31926
-13744
26655
22705
-12626
-1248
32524
29602
-16725
-2036
17915
25537
25965
19645
-26190
3568
21270
1887
-4920
25822
1823
-24585
-4651
-25825
4739
-18671
-1626
-1118
-20527
-7450
-12714
-13270
932
-22549
-28579
-20143
-26743
-16874
-3349
-639
8363
-24830
22568
-10689
17585
-27466
1770
-24358
19288
26070
-28427
24202
4313
2905
30707
-10589
-16425
30623
5769
6480
5148
-21228
24140
7743
-96
7663
-2287
-10687
8140
-8483
-10706
12611
20734
-3191
-25766
16936
2875
12482
-830
13364
-4726
4711
-1904
-7446
3756
26591
6185
8962
18122
-1375
-6945
1237
7928
-24832
-12536
7781
16571
-28882
-27508
3718
-25615
19485
-4705
17175
9714
-23584
24980
-16411
-29294
-16372
-19206
4705
-10449
28148
8286
-21188
-9850
17966
-14352
-23875
4655
-23902
-1250
-4013
23832
-25885
4660
22760
3881
11087
-960
27935
-5943
-14368
946
6178
-22729
31923
-7444
31263
7101
-27313
28264
-10279
-9955
32089
-24266
-21788
-11449
-8444
2413
-13849
-7040
-27906
-23523
-10542
7430
-8931
29534
-4989
9443
-18014
5100
28193
-16777
2077
-27865
26616
-4609
30280
25021
-19745
-25562
24495
27654
3438
1693
15098
-2665
23126
6505
24635
2796
17329
-11132
-16776
12303
-25238
2783
27843
15964
19764
-8527
3500
-30347
-29380
-29069
-20055
20880
-29756
5002
5944
-13612
2919
-7967
29734
21130
-32308
-22598
9503
-7695
-22284
-6887
-1555
26678
-21152
3017
-28930
13872
14666
8274
-4138
3366
8219
-14032
22254
-27850
22987
23445
-31053
-29984
13735
-11659
5008
-16213
-27380
26194
14817
10838
-14081
-15110
-16830
-18657
-4022
2424
-16901
-24620
29647
-26200
11920
6271
-12662
-15290
-8980
1072
-12404
-26714
-770
29009
30324
-17221
32569
-10999
8548
17903
-28357
22368
-3630
27756
-29222
30728
8691
-26138
-16262
30613
30424
-197
-19819
-9215
7034
-26802
-14834
-29231
-13836
-8914
23306
-16342
-16430
16563
2261
-12074
19605
-18971
-20737
25956
-16299
29708
15689
1578
18880
30635
28946
-26438
-20589
-30061
11002
-17640
-7561
-5886
28952
21458
19677
-5068
-5800
-3200
29757
18618
26062
-17698
23690
-25867
17841
-29808
-11830
4994
-13668
25656
5149
3424
3229
-25562
-19371
-2940
9456
15158
14578
27169
9502
-14973
-3185
24601
30746
-21343
-876
7424
-24351
13887
17731
-31667
-13776
10608
5421
-18662
8040
-19978
-27494
-26819
-25609
-24605
22718
7872
-21805
10708
7538
13590
32592
3450
-7500
7237
-4894
31387
6627
26143
12776
-306
-23818
-9151
-13386
-11161
1838
-23300
30218
-24734
14009
-10559
-22532
-1622
-7631
-5611
3685
31728
28213
14434
4184
21211
17002
21068
11449
-20082
27239
-31289
-8935
-15165
26041
8049
-16394
-27836
-16940
23363
-16037
894
3206
2207
5203
-30768
13695
25594
-8801
-7194
-21736
-17167
-20184
-3725
-30509
-29212
-17032
-4742
17953
9210
-31871
22642
-16926
29190
21578
-16037
-17721
-6575
-18438
-24680
-14659
-5748
31305
-24775
-5856
4835
30921
6612
17514
15837
-10631
-13395
9159
-549
-12355
-16650
11405
16978
-22368
-28733
-2165
18124
8054
24776
-16741
-22894
16684
3426
-6869
31057
-1064
-9620
-20147
32369
-8795
9599
-7269
-2020
-21064
32026
16836
18213
-17406
-8442
7712
26887
-10528
-15133
23063
-31220
29163
-8463
-18156
-5844
9515
-15766
-32031
17939
-26694
22249
19795
32098
13813
-559
-20005
29444
28438
5000
24304
12380
-25466
-9852
16164
21438
-26835
-28981
12907
-7276
26668
-16877
3179
3338
30448
-994
2687
22030
-4890
19700
15129
-10857
4229
-11897
23445
-1546
-9191
17102
-32592
-16279
32019
20808
27201
-4745
-32284
21870
-2928
-96
-29268
30847
-14808
8775
17023
26412
-17123
12479
-17359
-6730
8942
26757
-11186
1828
-8654
-7059
2816
2181
-11439
24093
12886
4205
-14854
-4346
19278
-12036
4607
-4939
-20529
-1246
27920
-21132
30881
-30277
-21977
-4311
-17104
-16085
30298
20953
23858
14918
30104
22751
5699
1472
32315
31774
23526
8492
-31183
-14042
-25609
-1705
3898
28445
-15438
2438
-19354
24429
-30472
20320
-22682
1554
1721
21214
26594
-3653
29102
26722
10128
-10880
56
-18726
-9656
-24087
1885
-13978
-5810
4933
16507
21648
-20482
-26629
29976
5353
28878
-30488
-4579
-21948
3839
18976
-12005
668
7056
10692
15394
6341
16441
-26374
29278
-11765
28571
8109
-4717
22324
-24584
-1726
-3189
-10782
15682
2653
-7480
-12450
-4902
-26958
-4514
7867
-18050
-32394
-32407
-19138
-3107
-11788
23996
9944
-31193
24310
-8840
-12217
15520
1845
21769
15475
-9046
-6732
6865
-18786
11972
-23943
-6893
4590
32391
10481
-15051
27931
-29066
25321
-19592
29021
1636
24786
-31779
-11294
-19710
-21609
-16118
-2240
10317
-30532
4766
-20754
-22557
-25574
-21245
30877
-3623
-16782
11461
-31160
-10269
24622
14342
6864
-10627
-32115
-19133
-28322
-13171
2951
-9140
8488
18936
22082
-2310
29035
-972
23279
-7715
-24586
30678
-8872
-11416
-6387
6893
5928
-669
-10788
-23074
14190
-16302
-15195
20799
-6245
-24153
8518
3846
-417
-242
-16956
-3452
-20615
15377
-4098
28948
-9211
-15257
2725
-13677
-12187
-10862
-12920
24024
27595
12170
4634
-5542
19395
-17721
3156
32672
-25232
14141
-32636
-341
-6674
-8646
-23200
-3455
13461
20767
-2304
11341
3587
2629
10943
26005
20929
-12532
-9604
5592
-4534
3869
1310
-32526
17057
-1159
24276
-10049
5634
-6173
-25811
10102
-24712
-2283
-22431
11748
25308
-7068
-15782
2806
-1071
6787
-17639
28346
10687
15250
26186
-1274
-28745
17836
10267
13749
-27129
32363
-13228
-31571
-9335
-5650
28794
17486
9035
16045
30943
28320
22310
-9993
-22964
120
32719
-17650
-2322
-10289
14005
-25205
-6036
-30636
-18233
10072
-20730
25650
15106
25070
-7682
11447
27370
-13443
29096
-1458
4738
-29602
-23019
-28551
-12750
-13246
21377
-9258
24541
10808
29924
17077
-6259
22522
4204
27173
-22722
31235
-24379
-19271
7184
-6050
29496
-9300
9039
-9957
27967
-14454
2745
3700
-1346
25904
19035
-21164
22538
22729
12260
-14899
9414
-15916
-9158
5191
31268
28392
22997
-4283
-10394
-13431
943
-6836
-24627
17215
26777
30645
-12644
16721
24770
-27423
-12143
-30906
29246
-779
9342
-16802
10625
-7503
12395
12013
31285
25050
-4355
-9367
30470
19270
-3344
429
6053
8133
1408
-1321
-13110
-5730
-6013
7006
11762
27087
-17390
-2788
-4156
31931
-3908
-8434
-15766
-4822
6100
-209
-5418
-8418
-20863
-19209
-28880
28764
-13088
5677
-23252
-5259
154
-12028
17367
5936
-4724
-27448
2490
-1594
-5339
6353
22517
-6473
-6554
6391
-31340
7045
20138
-28185
9214
22299
17174
8677
22710
-5256
7418
21002
-25416
-9859
10768
-14861
19596
-23919
9491
27807
16185
-7772
5316
-5545
29170
5794
20101
-24441
-3038
-10122
11189
-12552
-3369
-26895
-8340
-18119
11932
-12403
-13730
12444
-1541
31751
-23395
-32477
-9621
-27390
-13201
22440
17962
-7913
-28556
-10049
-3528
30327
17384
1511
-32050
-24967
25079
-2159
-4943
18225
28908
-24895
-12976
9623
-4043
1567
19476
-18621
18278
25149
-23724
-263
24300
2097
30050
-18529
-32664
-18955
-23540
14235
97
13995
24045
16649
-25500
24762
-6605
31097
15977
28282
-11691
-21772
-14071
-8496
-13863
-30978
24051
-12926
-15674
-16379
-28358
-12847
-17318
-30380
18382
-7108
-21557
32104
-27536
-152
22916
22384
29654
-15295
-9844
-29521
31244
1796
-1164
-13198
8629
-13806
-29595
-9743
17694
-22077
-11082
5942
-7000
28234
-7171
-30287
744
15605
-3935
-8176
4145
-8602
-7200
-22336
-10560
-13539
-4118
-13678
-22633
-25241
3997
8281
22672
-22580
28062
-4359
30402
25800
470
21503
-25458
2015
-18307
-30451
9143
23285
-28539
20641
-8010
-3638
-5488
-31531
-29517
-16338
3811
3413
-11653
-27740
-15951
19996
18208
-14095
-10692
29766
4754
19079
-23590
19876
-5610
-29056
-109
9071
25915
-14255
20141
11064
9966
-18544
163
-23275
25364
20500
16977
-29108
28008
-3888
-30225
-32727
-5843
-26471
-18595
5638
-14832
11720
-17304
10128
2604
15580
27991
-9266
-18130
22702
13612
-16409
10895
12232
-26665
15885
18855
20172
-5205
-31116
31910
26210
9619
-19515
-17281
1229
-21161
-17175
17255
19459
-8936
4531
-21033
26137
-898
820
20566
-4522
-10321
-18416
-3370
-7857
19458
-19419
-13464
20932
8270
2007
-8095
-8292
-20553
18334
1820
-3576
20699
6934
-21762
-17133
-19930
-7745
32237
-30582
-18299
21604
29568
19761
1813
1330
13486
-2839
-7152
-10451
-28444
22503
15104
-13471
4451
-24312
-18016
27961
-25026
14938
12961
-3081
16312
-9667
-22924
-6715
30739
-2251
5372
-12264
-4273
28707
-14012
-19434
18935
-26220
-3238
22391
-9612
6922
23663
26660
-20277
-6440
29704
9956
23134
21861
-5580
-31471
4997
-17551
10735
20579
-32212
12414
-19454
2870
-10902
-18074
-7950
-30512
-8305
26084
10468
-9510
-7128
865
50
20086
22874
18104
181
10482
25908
-16839
-23596
25349
15114
1313
-13466
14373
9748
-6289
-10962
-22403
20096
-5298
-21983
-16313
15612
-3965
28925
12867
2945
30428
-19172
-6034
-30106
-16766
11205
-8691
2234
904
-544
9938
-30347
-23582
12890
19603
-18006
20157
-14648
22625
23155
13853
7930
-838
3100
-13532
-28424
-25760
4831
-9203
-16846
-7692
3779
-2533
16737
-2253
30273
20284
-18190
24407
-27336
-9092
21138
-23691
3451
-27329
8873
-16779
19204
16016
-3184
-280
20614
-8836
14649
24794
14594
24544
17491
32508
16709
-30856
-18441
17602
-29017
-15529
-10642
26268
21028
20911
-735
-11264
20008
9364
19047
25809
23226
10843
-26241
-28126
3445
-15441
-20706
30774
-24571
-32594
28708
-882
26990
19986
26103
-11924
-32328
18621
19396
-50
3815
29770
13598
-152
-9002
14219
-1806
395
7662
-16999
-27094
6743
10520
20198
-10574
27474
15407
13686
9087
-28020
-14873
1272
23637
6340
-9510
22983
-1659
23315
-28782
-8848
-8477
27404
18140
-6136
-17187
-14461
-5191
-13735
-32346
27661
3432
-2149
-760
14166
29198
13827
-27441
8091
14213
14036
-24497
-31783
-7574
4720
27028
10557
32680
-32362
20650
29757
-8138
22728
3331
11523
6372
-27740
-19966
-27960
-13416
-31271
9427
4144
410
-569
29059
1802
-19819
-28226
-7502
14499
-9977
-27769
17186
22752
21298
-648
-20142
10804
-7492
14553
-26857
16187
-6541
16944
26461
14209
-14437
7797
-22041
13947
-4089
-24271
7212
30383
6180
-12525
-22590
31936
-6229
15000
-10791
22646
-8198
26057
15003
12296
-28381
8253
-2826
-16172
-1074
12331
32131
27956
-17498
-4816
23336
-11438
-18110
-23339
2343
-27248
-11975
12914
-19415
-32713
-26598
9189
29234
11686
-30952
-9557
25731
-137
18826
28661
-25457
-9234
-16423
-18719
31405
1848
-25018
17796
-15566
-29431
-20358
17876
2222
20746
20756
-14189
11598
7169
15423
-3019
1299
-24373
11012
9030
-27594
-12789
17740
-22788
19812
18331
32390
-13537
-19404
-24082
-8173
10026
13287
-5025
-14344
3401
-850
28007
-28346
20715
13503
21712
-30043
-22409
17665
-20918
-3191
-28521
27902
20678
-16206
15849
12261
-21192
31364
-8730
2722
-15357
-13859
8705
-5251
16548
-16451
16572
9146
910
-15830
6808
-3592
-18487
-4664
-681
-2452
-28831
516
7265
-14557
-28537
-11570
-28456
-19567
18718
-16354
15170
-9842
27211
5353
-17174
23044
-25450
13295
-9504
-16237
1430
12273
-21156
1770
22811
-10972
14861
30219
-22755
23477
-28263
21071
30935
-4610
-27495
27462
10530
5910
7871
29217
3953
26972
-15525
8043
31586
-7284
31160
-15194
24183
4039
20375
27635
17530
-831
16085
26042
24126
10134
7622
-14585
-29645
-8003
30596
-30894
-4282
4398
-28192
-22382
25253
-5241
-24612
20934
9445
20218
8125
1807
-5977
28859
-8101
-9460
26611
32010
18449
14594
15552
-13159
31765
-27344
-2157
31040
-13519
18885
19028
-4240
-9013
27677
-11428
3433
23449
29279
20369
-24510
-7145
-17817
-30038
5468
15030
-8882
6143
265
4606
1887
-5164
30503
31174
-21568
-11161
-10874
7066
22011
2296
23748
-18621
-7021
21702
-11317
7864
-2721
-29759
-32706
-7043
-13541
4779
21411
-14756
-18762
-12970
19792
-7286
-6247
-11940
-10141
24364
-21201
-11834
-8957
-31277
-4938
-3627
-23757
20902
30866
7350
-8210
23257
-13151
23679
-28903
28017
7900
-10685
20575
7597
30202
-4922
24050
-20081
-19328
-27829
21354
32111
3885
-16871
32560
17535
-29225
-21389
-30612
4859
-26724
-26058
22976
25705
15439
15202
-9654
-25475
3617
-28342
2456
29177
-2713
17544
-21828
19370
9473
-16970
-2103
-30923
-32715
28744
-31160
15075
-8619
9291
9669
23898
4073
-9354
-5909
9453
-15581
-24761
3891
13314
4203
-20264
27900
-15377
16155
21600
-16643
17222
-9540
23850
21432
22604
32005
-6738
22319
-15787
-12268
11756
13590
-30485
-7649
-10207
15997
16914
16761
-8790
-8418
-10064
-28332
-29541
3070
-2106
-17236
-11031
-290
-6270
-24944
-81
-17127
10408
-29351
17706
-29978
30929
29187
3161
-28239
3769
15809
-26586
21748
-14337
3419
7165
-16804
-22676
-19880
-25188
-30611
-30982
29704
-21920
3452
-6388
17744
32127
25478
21654
-24414
-22216
29064
5947
18387
-6289
-10835
-2592
9038
30386
22970
-26576
26104
1969
2042
16367
22929
8852
22142
-1438
-197
13849
-16998
-32494
16126
16985
6530
-11066
-29262
22837
-20704
-1619
17984
-12538
6533
-22799
-8488
12642
7691
2449
21564
-6989
5398
-18379
-7040
-5440
7588
-1560
-29043
13176
30050
-28255
2396
-15760
25414
-14225
-17904
26482
17681
-18507
16180
1063
-20250
-8213
-32063
-16265
20865
31704
16635
-22996
21686
27664
-2627
12889
-32681
-32397
24359
30644
-25502
18700
13554
30915
14741
14480
-2636
-1012
22916
9040
18925
-30101
-6066
-27368
-4116
5654
2182
-14675
-6189
113
-6827
-2596
-29220
27792
31957
-14038
3309
-23878
14670
-6689
-12966
14041
-25710
9124
-17294
12179
-17826
-6852
-14063
-15711
23340
24163
-32488
-18860
-7892
27101
-18154
23757
-9074
16900
-27246
-4058
26367
-15904
12107
-13970
-26570
13206
14356
1676
-26108
32643
26336
-12246
18982
-15062
-21066
27098
1169
11584
-25714
10588
3277
-16646
-12843
13831
2718
32476
-29631
-19034
-2126
-30914
-26898
-24416
723
2352
31729
-5074
11053
-16202
10568
31636
4829
29023
8132
-26631
24720
-26975
-11355
-24213
-13878
15048
18442
8201
20540
32632
7055
-9132
20759
-20967
-3189
17735
-31590
25548
-14176
-29461
16941
-31091
16417
1066
22266
-5604
-28536
-27202
-23776
10065
-27855
892
-32078
-17086
-30280
-20802
23404
28548
4065
8644
2521
13828
32322
12419
-6296
-1767
26958
-10993
-11664
14314
-29646
14822
-22936
-7792
15476
-15536
-15359
-14836
23461
24621
5517
24386
15557
-6880
-29868
4937
-31675
1392
27574
-2487
11907
-10937
21642
-16811
6314
4995
21206
18014
21717
-29615
-13438
25971
-31171
-16337
-12914
5905
-19863
6401
6040
-9577
10743
4238
28820
11315
10927
-25556
15194
2627
-19602
9062
23880
2039
15277
15869
-28466
32513
6257
12950
24863
7947
-31675
22184
28940
-31764
2075
10026
-31354
-9876
11755
8244
17324
-872
-4819
23671
-3264
-12149
-26214
-11878
790
-18705
24402
-1745
-1311
24943
8511
27088
-29399
22629
-100
25416
-18438
-30377
22726
-6543
23412
-24119
-5571
17412
5121
-23937
-7360
-27435
-3540
27423
-21126
29774
28097
5760
24010
22127
-23288
26095
16612
-6413
-2737
-1246
-9901
-21314
13786
-14372
-16679
-29464
19525
29957
-15180
7733
4598
-11318
12620
29844
-2791
-30702
24472
14293
11623
13938
-14632
-26847
27988
-17351
20610
-18820
20124
-12629
-3783
-26953
-12091
25517
-4957
-11542
-20060
-23706
-19370
-830
3127
1233
24831
29623
20148
-13476
-2151
12213
17261
-28116
19649
-17692
24056
-17110
29723
-2027
-27770
30867
8490
20844
8356
-30705
5115
-25801
25381
26399
15488
2477
17360
-21093
-20131
-10942
-5607
7884
-7148
-20825
31352
28593
13464
10060
-5367
-8769
-20544
11142
-9673
-10790
13880
20352
7266
-11414
-1574
110
-27968
-32686
-14602
18714
-17595
-21822
-10361
16475
11137
-16841
15710
32491
-9883
2493
29834
23537
-23784
23808
-30863
27251
11280
-30283
-11347
17942
-13459
14954
-26159
25377
-23130
-27621
-14394
6361
-27150
-6973
-5246
23959
-16686
-31780
-9003
-8092
17436
5689
-15283
30285
-24577
-3804
367
-30076
24836
-2103
18501
-6180
21143
-17570
6093
-4404
-7718
13593
-13344
-27066
-22051
-3279
-21326
-2087
3826
-2920
23653
-7518
5251
29503
-19451
25619
9376
-2775
604
10361
5706
28013
28638
8361
16368
21248
20104
-15043
-10430
24718
-28894
19668
-13146
-31046
2725
-19258
-20633
26651
31490
13489
18116
-16962
20701
7691
-13621
-21598
-12381
-32601
-30050
28440
4671
8396
-9660
25676
13116
-23433
-29146
-32139
-31026
-18
-11539
8557
12180
-9563
-25448
11745
-24234
27996
17155
22965
15730
20480
-32700
9640
6072
-29717
10726
-24870
5631
-26751
-5455
10048
3047
13462
-18108
14454
-25868
-29644
-32462
-17059
25672
27640
-20869
-22904
26981
-8172
22948
-32572
18358
24515
8335
23485
30722
-23748
-14986
2174
-12056
17143
19356
-24104
5309
-27704
-11401
14802
21448
8904
-19284
-23063
7141
-11221
-2434
-26347
26608
9844
-13853
-23513
-14308
-25826
21954
24930
-18964
-12801
27804
-29807
-17209
29308
-18768
-15016
30325
22892
-4692
-31586
9532
10580
-21427
20968
-9387
14401
6484
-23483
32440
-14050
-29838
-9463
31161
31380
-28787
-23379
2254
12418
-31796
10669
-26635
5825
29594
-20223
4375
-7444
-13726
-511
4622
14626
6519
20451
18623
25495
-20954
-28716
11678
371
26822
-13269
-24812
9583
-22264
-9612
24603
168
24488
-2773
-9583
21231
26704
28132
1828
-3814
-27983
18591
4847
-24590
-6726
-8641
21600
21292
25272
-13433
3881
-10208
-15193
27755
7152
-19044
31686
-16775
-4989
15924
21832
7104
-22937
2861
-11267
9991
21615
19876
-29870
12616
-11238
3057
31779
-32000
29899
30893
-29022
-5501
5558
13529
-23423
-1176
-25494
2285
14125
-14815
-31022
-8189
-3302
28190
23811
-29151
17796
4705
8411
-11235
32001
-22455
9714
-7420
-27356
31943
2639
3860
3066
-29961
-31768
17882
-24208
31340
-27452
-22035
-8994
19384
-28010
-21437
26798
-14484
23440
-2205
-18818
31473
-27096
5204
3730
2431
22505
-28494
21283
-20207
26377
1474
-17424
-32434
-21829
-5543
24310
-26388
16923
-24489
-9866
16450
16987
13226
-27119
-14246
-16304
21773
16644
32309
10215
-2437
-20022
5981
-1939
28149
-6418
4088
-4893
-14619
28356
3867
24732
-16518
-10913
-1744
-12789
2891
-21851
-29727
17040
22471
24394
-7494
26588
-23838
-6327
-31312
28718
-27602
19549
-13050
-14976
18367
-22661
9165
225
-12714
21184
26921
25146
-16788
23299
24663
17483
-18669
24480
-20983
-13175
-12128
2599
-23619
-4051
-31382
2718
6794
-6336
-20733
-17517
10121
10797
18698
31776
-9727
4069
30753
6558
9468
-12961
-13924
-1606
11453
8022
-2379
-8897
-3139
-11762
-4242
-25946
-9622
19580
-32693
-2433
-762
-12556
-9877
-16046
-4894
12085
8530
31122
-11493
22542
26240
21274
-31953
12266
-30590
9530
16293
25815
-22311
-3526
-8253
4061
-16011
13416
-26088
25652
18792
15023
-26182
-20372
11371
-24656
9928
659
7305
-3176
-27000
32314
3788
23870
-31244
-1755
5206
-10616
25511
21607
13687
-4045
24141
-32523
18594
-31874
7944
1369
31049
-20835
-28205
14081
-12162
11135
25717
23472
-21860
4058
13075
-3722
-1021
29604
15882
-10558
-445
-10462
7413
-23264
14511
1289
-23663
28805
27210
-18156
31098
-22617
13605
-28446
22535
-23819
-29174
-2979
-9213
-28708
13131
-19915
4712
-27357
900
-17581
-5887
-28338
25347
-21736
-23207
22943
-28236
8659
-5482
8750
-11526
11938
-29492
27752
23044
-23714
22739
-153
19692
16420
15335
-5146
-3602
-10012
31974
-12010
-13169
9983
-16918
-6276
-9168
30346
-10688
10790
27571
-28612
-30656
22901
-5479
-10392
-28
-28194
1838
2598
2696
24321
-3699
15040
20075
-27398
-2668
-32716
23948
30050
26259
-14792
4063
963
6822
-8983
-11990
16780
-1219
3082
18998
25406
-24872
-3136
-9121
-18292
11893
18509
18624
-27421
6091
-28217
14183
2997
19358
4700
31935
23129
19787
28684
5925
5899
-28215
-7508
-218
15199
368
9287
23818
-6354
-21686
-25240
-1889
24486
19440
28450
13345
-7531
11968
-19683
-15771
-10532
-28179
28914
-30709
1764
27030
-6314
1937
18200
31547
5614
17011
-24057
-19685
-15325
36
19054
5569
26424
10326
29478
15011
-911
20554
-14189
-12644
-21572
-28563
-25855
12937
-14525
-5807
22990
917
66
-18792
29123
-26315
-15343
12288
32170
10229
-2556
16728
-12829
-3694
5091
12755
2865
6821
9658
-2701
7385
30427
16502
17945
23032
-30373
-31772
-28486
-6075
-3597
-20660
-13472
10695
31859
7492
16254
-30307
8608
-2887
-6731
-30595
-7235
-31742
-17560
-2511
23272
9889
-24288
-25711
-7123
612
-24737
6462
-21487
30468
18767
-7659
-26743
-8378
-10350
-8775
10483
12550
-25045
24884
-20966
13087
3990
-23419
-21607
12243
-503
-17653
14512
-22228
27063
16749
12538
-10070
19840
-1948
22744
-13961
961
22063
26467
-24430
9123
12840
22995
16114
-21207
22924
24632
4233
-14982
-9168
-9119
20220
4192
311
-19993
-3462
28060
-16385
-23690
-23730
-27629
6249
-29257
20904
-24291
8355
28725
14320
-29169
-13551
-6714
12118
28172
-7784
734
542
-28718
-17689
-9174
8446
8389
-9928
-10547
-21221
-20345
26998
-10682
-6726
-23282
-20355
-1452
-2660
24842
-8890
-9065
30792
-6071
-26768
-13484
3000
27447
-29643
-18977
22592
22422
16967
-28852
11640
9370
-5214
23342
8916
26816
-12543
-4980
-7111
-19638
-24144
27399
-26137
-2203
-1653
-15718
-12090
28901
29641
30596
-26367
11638
5936
9719
-13430
-25384
17089
-11522
-3882
10813
-23791
32051
-30774
-3834
-26146
-1310
-28861
-6346
-9117
7551
-15853
15915
-17594
-16294
-18852
-21832
-13345
2019
-27816
-28787
-12457
-31757
-14136
-16081
1944
-19567
10103
4513
-29680
-5442
24034
565
10781
-22876
21738
28230
32079
8710
8012
12673
-6055
-21447
-8795
-31702
-8407
7144
30723
-28577
10167
11690
-32652
-4000
7860
-13041
-10584
-16358
30884
1145
-19404
-3890
8966
27921
-6773
19484
-23650
-20602
15364
12561
-9931
-30820
-23280
-8743
-8867
30978
-26429
-18917
-12680
24296
-11337
-9320
11085
-10974
-10020
-15989
-24444
14685
15144
17535
-24651
8106
20954
3748
-1463
-26583
23404
11195
3360
19647
1466
-24729
29194
1183
753
-18988
-23186
-25820
32298
-26734
16624
8795
24867
15029
28729
19791
-17338
7971
21140
17230
-11699
-5161
5561
13775
-26190
-7222
5407
-10284
-17996
24282
25334
28628
5866
2789
24566
18262
26882
1613
-31034
-17483
-5226
13512
-31914
13493
2174
-26699
-3743
19524
-27336
3657
-1574
-9015
-9117
-14868
19060
11067
9079
-19319
18569
926
29501
-20814
20371
12294
29960
-27798
23599
-14894
2798
-21974
-14742
30885
-12383
11987
-23985
-26153
-12727
-1754
4898
-1016
-20990
22803
27151
16960
-7211
2140
32496
-15224
5843
-966
-6374
20877
31525
-19673
-16784
11964
-19538
16054
12085
32476
30341
-11237
527
-32193
19200
1344
-15040
7061
32100
-21679
-1171
-1071
14606
-13281
-20310
-9373
2773
-5605
10067
29317
-29322
-13248
-13981
-13964
12990
15015
2196
12492
6734
4195
6236
-30785
-25634
32549
-508
-20060
13585
22619
-2084
16201
-30442
24335
-23241
-12608
13380
-11533
29829
19652
-7468
28732
15980
-8380
23167
27333
-32320
-12279
-14747
3143
-8992
-13724
18538
1158
-27434
27303
13328
31272
-29826
11451
19752
-32465
16888
-31017
-18200
20374
15986
-30250
27098
-24663
21250
2854
-15745
-26755
13993
-22212
-27606
-19677
-14838
28834
-7237
16766
-31532
-7860
1796
17890
10446
31699
-20753
-7575
-7735
-28207
-31352
-25677
-29565
-6081
-16933
18336
-17028
9412
-16434
-7689
17764
-15718
16464
-7310
-6525
25319
25660
-2640
-2113
11638
16107
-16492
9336
6240
28430
-23167
-504
-5199
-17226
-16747
20892
17812
-18487
-30448
-16762
24936
29443
-29126
-20610
6877
-16614
32010
1426
-11310
21253
25683
21654
-23258
-23834
7361
5199
32704
-23614
30234
-20942
-20578
-29834
11799
-28728
-17611
-31294
-9350
5277
24293
-2777
-29825
-6065
5996
-10267
12735
24946
-18985
-30722
1660
17610
1848
-8700
9957
29713
25694
-6499
30899
-32467
-4014
-17848
-4534
6436
-24231
-2938
-25599
9166
-4631
18946
16827
-8629
7700
1945
11878
13639
10758
-18427
-16342
27099
-2170
-20782
21338
29089
16753
1836
-24605
-15894
-29278
4165
24800
24861
24644
-28936
-16983
11110
-11566
-16348
31766
-1979
27739
-7735
-30702
28272
9533
-28712
12466
-22551
30190
9462
-14918
-9088
-14557
-25734
-21808
-25288
-15594
10076
14879
-8696
15743
29083
-10451
6264
-18676
22850
-20027
28822
-29866
7912
-9575
-25840
14843
-25647
-17155
-27268
21083
-24649
-24006
13781
2054
9582
-4691
11108
-1027
-4912
9645
16355
-15980
10401
-7884
4840
-18463
-28146
5873
26673
10390
-11514
-24987
-12528
14312
14930
-12756
-24981
-17955
2033
29966
-16056
20415
8370
6613
30237
13612
-17252
24211
-6568
7790
10494
29510
-16718
-32458
-19084
9911
-7509
-14641
94
14196
-21502
-3495
-3011
21781
30587
-22508
26380
22331
-29554
-29036
-15091
-2197
-16389
28386
-20551
621
16308
-13944
5236
26539
-21607
13182
17462
-10083
-12317
-23679
-10432
-21704
22893
27562
-8078
14871
23877
-18341
-10812
-9225
-7856
3829
-25864
223
-8271
7810
423
22779
32334
-24912
-25375
-10104
32158
-6241
-205
16177
16060
-20211
8388
-9658
-2494
21949
24316
4244
-24981
-31999
-18157
9646
-29600
-28457
-24873
-21914
21964
14794
-24896
29727
25794
-23051
-1371
2696
1483
16295
25969
-14949
-22674
-9634
8835
24629
6999
8168
28790
-24377
-18446
-13347
12622
-7061
-29259
16080
-15947
31516
-30507
30640
25980
-20237
5720
-32358
-30086
-19357
-19318
-21198
-7395
-22503
22253
-30032
-32096
32010
-7633
-9960
-32589
25937
-22906
-17975
-28258
-9864
-30136
30807
-21131
-4143
3181
1955
29574
-24420
26116
6005
28107
25529
15739
-15256
13554
-8689
-7980
12576
-29164
-26688
-15973
9949
-833
31822
26566
12607
-20508
-13586
1370
-25937
-4942
-15615
14032
20842
26991
17854
18061
-16322
22806
18912
-7377
6095
-26960
14767
-10199
16296
-4666
-3568
-3992
-15424
-2070
-25471
12094
-16771
-13616
31517
30113
-32007
25392
-30989
14273
-28921
-21772
-23072
28017
-3162
-23350
3846
-21534
25171
-6493
-11609
25534
-22710
12603
11011
-17063
-3667
29556
13929
14671
-7939
3792
27405
11901
32748
-1974
23629
13179
17055
32549
8667
16368
-25898
30432
-8333
26285
-8995
-1429
-7572
24543
-24909
